#Layer_Color=16711935
#
#Feature symbol names
#
$0 r10
$1 r1
$2 r3.937

#
#Feature attribute names
#

#
#Layer features
#
A 1.3081103 1.4565748 1.3081103 1.4565748 1.2884253 1.4565748 2 P 0 N
L 1 1.2 1 2.775 0 P 0
L 1 1.2 1.2 1 0 P 0
L 1 2.775 1.19 2.965 0 P 0
L 1.0365355 1.6112993 1.0365355 1.6487009 2 P 0
L 1.0365355 1.6112993 1.1034646 1.6112993 2 P 0
L 1.0365355 1.6487009 1.1034646 1.6487009 2 P 0
L 1.0365355 1.6562993 1.0365355 1.6937009 2 P 0
L 1.0365355 1.6562993 1.1034646 1.6562993 2 P 0
L 1.0365355 1.6937009 1.1034646 1.6937009 2 P 0
L 1.0466929 1.2514565 1.0466929 1.3085432 2 P 0
L 1.0466929 1.2514565 1.133307 1.2514565 2 P 0
L 1.0466929 1.3085432 1.133307 1.3085432 2 P 0
L 1.1034646 1.6112993 1.1034646 1.6487009 2 P 0
L 1.1034646 1.6562993 1.1034646 1.6937009 2 P 0
L 1.133307 1.2514565 1.133307 1.3085432 2 P 0
L 1.1762993 1.4565354 1.1762993 1.5234645 2 P 0
L 1.1762993 1.4565354 1.2137009 1.4565354 2 P 0
L 1.1762993 1.5234645 1.2137009 1.5234645 2 P 0
L 1.19 2.965 2.775 2.965 0 P 0
L 1.2 1 2.77 1 0 P 0
L 1.2137009 1.4565354 1.2137009 1.5234645 2 P 0
L 1.2165354 1.2612991 1.2165354 1.2987007 2 P 0
L 1.2165354 1.2612991 1.2834645 1.2612991 2 P 0
L 1.2165354 1.2987007 1.2834645 1.2987007 2 P 0
L 1.2165355 1.3062993 1.2165355 1.3437009 2 P 0
L 1.2165355 1.3062993 1.2834646 1.3062993 2 P 0
L 1.2165355 1.3437009 1.2834646 1.3437009 2 P 0
L 1.2265355 1.8412993 1.2265355 1.8787009 2 P 0
L 1.2265355 1.8412993 1.2934646 1.8412993 2 P 0
L 1.2265355 1.8787009 1.2934646 1.8787009 2 P 0
L 1.2265355 1.8912993 1.2265355 1.9287009 2 P 0
L 1.2265355 1.8912993 1.2934646 1.8912993 2 P 0
L 1.2265355 1.9287009 1.2934646 1.9287009 2 P 0
L 1.2416929 1.5864565 1.2416929 1.6435432 2 P 0
L 1.2416929 1.5864565 1.328307 1.5864565 2 P 0
L 1.2416929 1.6435432 1.328307 1.6435432 2 P 0
L 1.2529922 1.3679922 1.2529922 1.4920079 2 P 0
L 1.2529922 1.3679922 1.3770079 1.3679922 2 P 0
L 1.2529922 1.4920079 1.3770079 1.4920079 2 P 0
L 1.2834645 1.2612991 1.2834645 1.2987007 2 P 0
L 1.2834646 1.3062993 1.2834646 1.3437009 2 P 0
L 1.2883464 2.2231889 1.2883464 2.2468109 2 P 0
L 1.2883464 2.2231889 1.3316535 2.2231889 2 P 0
L 1.2883464 2.2468109 1.3316535 2.2468109 2 P 0
L 1.2931891 2.3833464 1.2931891 2.4266535 2 P 0
L 1.2931891 2.3833464 1.3168111 2.3833464 2 P 0
L 1.2931891 2.4266535 1.3168111 2.4266535 2 P 0
L 1.2934646 1.8412993 1.2934646 1.8787009 2 P 0
L 1.2934646 1.8912993 1.2934646 1.9287009 2 P 0
L 1.3115354 1.2912991 1.3115354 1.3287007 2 P 0
L 1.3115354 1.2912991 1.3784645 1.2912991 2 P 0
L 1.3115354 1.3287007 1.3784645 1.3287007 2 P 0
L 1.3115355 1.2462993 1.3115355 1.2837009 2 P 0
L 1.3115355 1.2462993 1.3784646 1.2462993 2 P 0
L 1.3115355 1.2837009 1.3784646 1.2837009 2 P 0
L 1.3131889 1.9083465 1.3131889 1.9516536 2 P 0
L 1.3131889 1.9083465 1.3368109 1.9083465 2 P 0
L 1.3131889 1.9516536 1.3368109 1.9516536 2 P 0
L 1.3131891 1.8183464 1.3131891 1.8616535 2 P 0
L 1.3131891 1.8183464 1.3368111 1.8183464 2 P 0
L 1.3131891 1.8616535 1.3368111 1.8616535 2 P 0
L 1.3168111 2.3833464 1.3168111 2.4266535 2 P 0
L 1.328307 1.5864565 1.328307 1.6435432 2 P 0
L 1.3316535 2.2231889 1.3316535 2.2468109 2 P 0
L 1.3364565 1.661693 1.3364565 1.7483071 2 P 0
L 1.3364565 1.661693 1.3935432 1.661693 2 P 0
L 1.3364565 1.7483071 1.3935432 1.7483071 2 P 0
L 1.3368109 1.9083465 1.3368109 1.9516536 2 P 0
L 1.3368111 1.8183464 1.3368111 1.8616535 2 P 0
L 1.34 2.525 1.34 2.775 0 P 0
L 1.34 2.525 1.365 2.475 0 P 0
L 1.34 2.775 1.64 2.775 0 P 0
L 1.3462993 1.7965354 1.3462993 1.8634645 2 P 0
L 1.3462993 1.7965354 1.3837009 1.7965354 2 P 0
L 1.3462993 1.8634645 1.3837009 1.8634645 2 P 0
L 1.3481889 2.1933465 1.3481889 2.2366536 2 P 0
L 1.3481889 2.1933465 1.3718109 2.1933465 2 P 0
L 1.3481889 2.2366536 1.3718109 2.2366536 2 P 0
L 1.3612993 1.5365354 1.3612993 1.6034645 2 P 0
L 1.3612993 1.5365354 1.3987009 1.5365354 2 P 0
L 1.3612993 1.6034645 1.3987009 1.6034645 2 P 0
L 1.365 2.475 1.64 2.475 0 P 0
L 1.3718109 2.1933465 1.3718109 2.2366536 2 P 0
L 1.3770079 1.3679922 1.3770079 1.4920079 2 P 0
L 1.3784645 1.2912991 1.3784645 1.3287007 2 P 0
L 1.3784646 1.2462993 1.3784646 1.2837009 2 P 0
L 1.3837009 1.7965354 1.3837009 1.8634645 2 P 0
L 1.3883464 2.2231889 1.3883464 2.2468109 2 P 0
L 1.3883464 2.2231889 1.4316535 2.2231889 2 P 0
L 1.3883464 2.2468109 1.4316535 2.2468109 2 P 0
L 1.3935432 1.661693 1.3935432 1.7483071 2 P 0
L 1.396693 2.1014568 1.396693 2.1585435 2 P 0
L 1.396693 2.1014568 1.4833071 2.1014568 2 P 0
L 1.396693 2.1585435 1.4833071 2.1585435 2 P 0
L 1.3987009 1.5365354 1.3987009 1.6034645 2 P 0
L 1.4012993 1.2565354 1.4012993 1.3234645 2 P 0
L 1.4012993 1.2565354 1.4387009 1.2565354 2 P 0
L 1.4012993 1.3234645 1.4387009 1.3234645 2 P 0
L 1.4164568 1.4616929 1.4164568 1.548307 2 P 0
L 1.4164568 1.4616929 1.4735435 1.4616929 2 P 0
L 1.4164568 1.548307 1.4735435 1.548307 2 P 0
L 1.4212993 1.6315354 1.4212993 1.6984645 2 P 0
L 1.4212993 1.6315354 1.4587009 1.6315354 2 P 0
L 1.4212993 1.6984645 1.4587009 1.6984645 2 P 0
L 1.4316535 2.2231889 1.4316535 2.2468109 2 P 0
L 1.4387009 1.2565354 1.4387009 1.3234645 2 P 0
L 1.4587009 1.6315354 1.4587009 1.6984645 2 P 0
L 1.4633464 2.2031889 1.4633464 2.2268109 2 P 0
L 1.4633464 2.2031889 1.5066535 2.2031889 2 P 0
L 1.4633464 2.2268109 1.5066535 2.2268109 2 P 0
L 1.4633465 2.1731891 1.4633465 2.1968111 2 P 0
L 1.4633465 2.1731891 1.5066536 2.1731891 2 P 0
L 1.4633465 2.1968111 1.5066536 2.1968111 2 P 0
L 1.4683464 2.2631889 1.4683464 2.2868109 2 P 0
L 1.4683464 2.2631889 1.5116535 2.2631889 2 P 0
L 1.4683464 2.2868109 1.5116535 2.2868109 2 P 0
L 1.4683465 2.2331891 1.4683465 2.2568111 2 P 0
L 1.4683465 2.2331891 1.5116536 2.2331891 2 P 0
L 1.4683465 2.2568111 1.5116536 2.2568111 2 P 0
L 1.4683465 2.2931891 1.4683465 2.3168111 2 P 0
L 1.4683465 2.2931891 1.5116536 2.2931891 2 P 0
L 1.4683465 2.3168111 1.5116536 2.3168111 2 P 0
L 1.4735435 1.4616929 1.4735435 1.548307 2 P 0
L 1.4833071 2.1014568 1.4833071 2.1585435 2 P 0
L 1.4931891 2.0333464 1.4931891 2.0766535 2 P 0
L 1.4931891 2.0333464 1.5168111 2.0333464 2 P 0
L 1.4931891 2.0766535 1.5168111 2.0766535 2 P 0
L 1.4956299 1.6559449 1.4956299 1.7740551 2 P 0
L 1.4956299 1.6559449 1.5743701 1.6559449 2 P 0
L 1.4956299 1.7740551 1.5743701 1.7740551 2 P 0
L 1.5066535 2.2031889 1.5066535 2.2268109 2 P 0
L 1.5066536 2.1731891 1.5066536 2.1968111 2 P 0
L 1.5112991 1.4765355 1.5112991 1.5434646 2 P 0
L 1.5112991 1.4765355 1.5487007 1.4765355 2 P 0
L 1.5112991 1.5434646 1.5487007 1.5434646 2 P 0
L 1.5116535 2.2631889 1.5116535 2.2868109 2 P 0
L 1.5116536 2.2331891 1.5116536 2.2568111 2 P 0
L 1.5116536 2.2931891 1.5116536 2.3168111 2 P 0
L 1.5168111 2.0333464 1.5168111 2.0766535 2 P 0
L 1.5181891 2.4083464 1.5181891 2.4516535 2 P 0
L 1.5181891 2.4083464 1.5418111 2.4083464 2 P 0
L 1.5181891 2.4516535 1.5418111 2.4516535 2 P 0
L 1.5381889 2.1183465 1.5381889 2.1616536 2 P 0
L 1.5381889 2.1183465 1.5618109 2.1183465 2 P 0
L 1.5381889 2.1616536 1.5618109 2.1616536 2 P 0
L 1.5418111 2.4083464 1.5418111 2.4516535 2 P 0
L 1.5433465 2.1981891 1.5433465 2.2218111 2 P 0
L 1.5433465 2.1981891 1.5866536 2.1981891 2 P 0
L 1.5433465 2.2218111 1.5866536 2.2218111 2 P 0
L 1.5433465 2.2281891 1.5433465 2.2518111 2 P 0
L 1.5433465 2.2281891 1.5866536 2.2281891 2 P 0
L 1.5433465 2.2518111 1.5866536 2.2518111 2 P 0
L 1.5487007 1.4765355 1.5487007 1.5434646 2 P 0
L 1.5618109 2.1183465 1.5618109 2.1616536 2 P 0
L 1.5681889 2.1183465 1.5681889 2.1616536 2 P 0
L 1.5681889 2.1183465 1.5918109 2.1183465 2 P 0
L 1.5681889 2.1616536 1.5918109 2.1616536 2 P 0
L 1.5743701 1.6559449 1.5743701 1.7740551 2 P 0
L 1.5781889 1.5633465 1.5781889 1.6066536 2 P 0
L 1.5781889 1.5633465 1.6018109 1.5633465 2 P 0
L 1.5781889 1.6066536 1.6018109 1.6066536 2 P 0
L 1.5812991 2.0115355 1.5812991 2.0784646 2 P 0
L 1.5812991 2.0115355 1.6187007 2.0115355 2 P 0
L 1.5812991 2.0784646 1.6187007 2.0784646 2 P 0
L 1.5866536 2.1981891 1.5866536 2.2218111 2 P 0
L 1.5866536 2.2281891 1.5866536 2.2518111 2 P 0
L 1.5918109 2.1183465 1.5918109 2.1616536 2 P 0
L 1.6018109 1.5633465 1.6018109 1.6066536 2 P 0
L 1.6031889 1.6583465 1.6031889 1.7016536 2 P 0
L 1.6031889 1.6583465 1.6268109 1.6583465 2 P 0
L 1.6031889 1.7016536 1.6268109 1.7016536 2 P 0
L 1.6165355 1.7762993 1.6165355 1.8137009 2 P 0
L 1.6165355 1.7762993 1.6834646 1.7762993 2 P 0
L 1.6165355 1.8137009 1.6834646 1.8137009 2 P 0
L 1.6181891 2.3933464 1.6181891 2.4366535 2 P 0
L 1.6181891 2.3933464 1.6418111 2.3933464 2 P 0
L 1.6181891 2.4366535 1.6418111 2.4366535 2 P 0
L 1.6187007 2.0115355 1.6187007 2.0784646 2 P 0
L 1.6268109 1.6583465 1.6268109 1.7016536 2 P 0
L 1.6331889 2.0033465 1.6331889 2.0466536 2 P 0
L 1.6331889 2.0033465 1.6568109 2.0033465 2 P 0
L 1.6331889 2.0466536 1.6568109 2.0466536 2 P 0
L 1.64 2.475 1.64 2.775 0 P 0
L 1.6418111 2.3933464 1.6418111 2.4366535 2 P 0
L 1.6462991 2.4315355 1.6462991 2.4984646 2 P 0
L 1.6462991 2.4315355 1.6837007 2.4315355 2 P 0
L 1.6462991 2.4984646 1.6837007 2.4984646 2 P 0
L 1.6565354 2.7062991 1.6565354 2.7437007 2 P 0
L 1.6565354 2.7062991 1.7234645 2.7062991 2 P 0
L 1.6565354 2.7437007 1.7234645 2.7437007 2 P 0
L 1.6568109 2.0033465 1.6568109 2.0466536 2 P 0
L 1.6631889 1.9883465 1.6631889 2.0316536 2 P 0
L 1.6631889 1.9883465 1.6868109 1.9883465 2 P 0
L 1.6631889 2.0316536 1.6868109 2.0316536 2 P 0
L 1.6645669 1.5039764 1.6645669 1.6260236 2 P 0
L 1.6645669 1.5039764 1.7354331 1.5039764 2 P 0
L 1.6645669 1.6260236 1.7354331 1.6260236 2 P 0
L 1.6765354 1.7312991 1.6765354 1.7687007 2 P 0
L 1.6765354 1.7312991 1.7434645 1.7312991 2 P 0
L 1.6765354 1.7687007 1.7434645 1.7687007 2 P 0
L 1.6781889 1.8883465 1.6781889 1.9316536 2 P 0
L 1.6781889 1.8883465 1.7018109 1.8883465 2 P 0
L 1.6781889 1.9316536 1.7018109 1.9316536 2 P 0
L 1.6834646 1.7762993 1.6834646 1.8137009 2 P 0
L 1.6837007 2.4315355 1.6837007 2.4984646 2 P 0
L 1.6862993 1.2515354 1.6862993 1.3184645 2 P 0
L 1.6862993 1.2515354 1.7237009 1.2515354 2 P 0
L 1.6862993 1.3184645 1.7237009 1.3184645 2 P 0
L 1.6865354 1.6462991 1.6865354 1.6837007 2 P 0
L 1.6865354 1.6462991 1.7534645 1.6462991 2 P 0
L 1.6865354 1.6837007 1.7534645 1.6837007 2 P 0
L 1.6868109 1.9883465 1.6868109 2.0316536 2 P 0
L 1.7018109 1.8883465 1.7018109 1.9316536 2 P 0
L 1.7115355 1.3862993 1.7115355 1.4237009 2 P 0
L 1.7115355 1.3862993 1.7784646 1.3862993 2 P 0
L 1.7115355 1.4237009 1.7784646 1.4237009 2 P 0
L 1.7234645 2.7062991 1.7234645 2.7437007 2 P 0
L 1.7237009 1.2515354 1.7237009 1.3184645 2 P 0
L 1.7265354 2.5212991 1.7265354 2.5587007 2 P 0
L 1.7265354 2.5212991 1.7934645 2.5212991 2 P 0
L 1.7265354 2.5587007 1.7934645 2.5587007 2 P 0
L 1.7265355 2.5662993 1.7265355 2.6037009 2 P 0
L 1.7265355 2.5662993 1.7934646 2.5662993 2 P 0
L 1.7265355 2.6037009 1.7934646 2.6037009 2 P 0
L 1.7354331 1.5039764 1.7354331 1.6260236 2 P 0
L 1.7412993 1.2515354 1.7412993 1.3184645 2 P 0
L 1.7412993 1.2515354 1.7787009 1.2515354 2 P 0
L 1.7412993 1.3184645 1.7787009 1.3184645 2 P 0
L 1.7434645 1.7312991 1.7434645 1.7687007 2 P 0
L 1.7483464 1.4481889 1.7483464 1.4718109 2 P 0
L 1.7483464 1.4481889 1.7916535 1.4481889 2 P 0
L 1.7483464 1.4718109 1.7916535 1.4718109 2 P 0
L 1.7534645 1.6462991 1.7534645 1.6837007 2 P 0
L 1.7784646 1.3862993 1.7784646 1.4237009 2 P 0
L 1.7787009 1.2515354 1.7787009 1.3184645 2 P 0
L 1.7865354 1.6312991 1.7865354 1.6687007 2 P 0
L 1.7865354 1.6312991 1.8534645 1.6312991 2 P 0
L 1.7865354 1.6687007 1.8534645 1.6687007 2 P 0
L 1.7916535 1.4481889 1.7916535 1.4718109 2 P 0
L 1.7931889 1.5233465 1.7931889 1.5666536 2 P 0
L 1.7931889 1.5233465 1.8168109 1.5233465 2 P 0
L 1.7931889 1.5666536 1.8168109 1.5666536 2 P 0
L 1.7934645 2.5212991 1.7934645 2.5587007 2 P 0
L 1.7934646 2.5662993 1.7934646 2.6037009 2 P 0
L 1.8168109 1.5233465 1.8168109 1.5666536 2 P 0
L 1.825 1.13 1.825 1.43 0 P 0
L 1.825 1.13 2.125 1.13 0 P 0
L 1.825 1.43 2.1 1.43 0 P 0
L 1.8364568 1.7516929 1.8364568 1.838307 2 P 0
L 1.8364568 1.7516929 1.8935435 1.7516929 2 P 0
L 1.8364568 1.838307 1.8935435 1.838307 2 P 0
L 1.8483464 1.6831889 1.8483464 1.7068109 2 P 0
L 1.8483464 1.6831889 1.8916535 1.6831889 2 P 0
L 1.8483464 1.7068109 1.8916535 1.7068109 2 P 0
L 1.8534645 1.6312991 1.8534645 1.6687007 2 P 0
L 1.8783464 2.0381889 1.8783464 2.0618109 2 P 0
L 1.8783464 2.0381889 1.9216535 2.0381889 2 P 0
L 1.8783464 2.0618109 1.9216535 2.0618109 2 P 0
L 1.8916535 1.6831889 1.8916535 1.7068109 2 P 0
L 1.8935435 1.7516929 1.8935435 1.838307 2 P 0
L 1.8965354 2.6312991 1.8965354 2.6687007 2 P 0
L 1.8965354 2.6312991 1.9634645 2.6312991 2 P 0
L 1.8965354 2.6687007 1.9634645 2.6687007 2 P 0
L 1.8965354 2.6862991 1.8965354 2.7237007 2 P 0
L 1.8965354 2.6862991 1.9634645 2.6862991 2 P 0
L 1.8965354 2.7237007 1.9634645 2.7237007 2 P 0
L 1.9081891 2.0783464 1.9081891 2.1216535 2 P 0
L 1.9081891 2.0783464 1.9318111 2.0783464 2 P 0
L 1.9081891 2.1216535 1.9318111 2.1216535 2 P 0
L 1.9216535 2.0381889 1.9216535 2.0618109 2 P 0
L 1.928622 1.4640158 1.928622 1.716378 1 P 0
L 1.928622 1.4640158 2.1809842 1.4640158 1 P 0
L 1.928622 1.716378 2.1809842 1.716378 1 P 0
L 1.9318111 2.0783464 1.9318111 2.1216535 2 P 0
L 1.9414568 2.0466929 1.9414568 2.133307 2 P 0
L 1.9414568 2.0466929 1.9985435 2.0466929 2 P 0
L 1.9414568 2.133307 1.9985435 2.133307 2 P 0
L 1.9634645 2.6312991 1.9634645 2.6687007 2 P 0
L 1.9634645 2.6862991 1.9634645 2.7237007 2 P 0
L 1.9985435 2.0466929 1.9985435 2.133307 2 P 0
L 2.042008 2.3814569 2.042008 2.4385436 2 P 0
L 2.042008 2.3814569 2.1286221 2.3814569 2 P 0
L 2.042008 2.4385436 2.1286221 2.4385436 2 P 0
L 2.0981891 1.7533464 2.0981891 1.7966535 2 P 0
L 2.0981891 1.7533464 2.1218111 1.7533464 2 P 0
L 2.0981891 1.7966535 2.1218111 1.7966535 2 P 0
L 2.1 1.43 2.125 1.38 0 P 0
L 2.101693 1.8564568 2.101693 1.9135435 2 P 0
L 2.101693 1.8564568 2.1883071 1.8564568 2 P 0
L 2.101693 1.9135435 2.1883071 1.9135435 2 P 0
L 2.1033465 1.8181891 2.1033465 1.8418111 2 P 0
L 2.1033465 1.8181891 2.1466536 1.8181891 2 P 0
L 2.1033465 1.8418111 2.1466536 1.8418111 2 P 0
L 2.1035039 2.4583466 2.1035039 2.5016537 2 P 0
L 2.1035039 2.4583466 2.1271259 2.4583466 2 P 0
L 2.1035039 2.5016537 2.1271259 2.5016537 2 P 0
L 2.1166929 2.2164565 2.1166929 2.2735432 2 P 0
L 2.1166929 2.2164565 2.203307 2.2164565 2 P 0
L 2.1166929 2.2735432 2.203307 2.2735432 2 P 0
L 2.1218111 1.7533464 2.1218111 1.7966535 2 P 0
L 2.125 1.13 2.125 1.38 0 P 0
L 2.1271259 2.4583466 2.1271259 2.5016537 2 P 0
L 2.1281891 1.7533464 2.1281891 1.7966535 2 P 0
L 2.1281891 1.7533464 2.1518111 1.7533464 2 P 0
L 2.1281891 1.7966535 2.1518111 1.7966535 2 P 0
L 2.1286221 2.3814569 2.1286221 2.4385436 2 P 0
L 2.1412993 1.2065354 2.1412993 1.2734645 2 P 0
L 2.1412993 1.2065354 2.1787009 1.2065354 2 P 0
L 2.1412993 1.2734645 2.1787009 1.2734645 2 P 0
L 2.1466536 1.8181891 2.1466536 1.8418111 2 P 0
L 2.1486614 2.278189 2.1486614 2.301811 2 P 0
L 2.1486614 2.278189 2.1919685 2.278189 2 P 0
L 2.1486614 2.301811 2.1919685 2.301811 2 P 0
L 2.1486615 2.3081892 2.1486615 2.3318112 2 P 0
L 2.1486615 2.3081892 2.1919686 2.3081892 2 P 0
L 2.1486615 2.3318112 2.1919686 2.3318112 2 P 0
L 2.1518111 1.7533464 2.1518111 1.7966535 2 P 0
L 2.1662993 1.7315354 2.1662993 1.7984645 2 P 0
L 2.1662993 1.7315354 2.2037009 1.7315354 2 P 0
L 2.1662993 1.7984645 2.2037009 1.7984645 2 P 0
L 2.1787009 1.2065354 2.1787009 1.2734645 2 P 0
L 2.1809842 1.4640158 2.1809842 1.716378 1 P 0
L 2.1818505 2.3562994 2.1818505 2.393701 2 P 0
L 2.1818505 2.3562994 2.2487796 2.3562994 2 P 0
L 2.1818505 2.393701 2.2487796 2.393701 2 P 0
L 2.1883071 1.8564568 2.1883071 1.9135435 2 P 0
L 2.1919685 2.278189 2.1919685 2.301811 2 P 0
L 2.1919686 2.3081892 2.1919686 2.3318112 2 P 0
L 2.1981889 1.4583465 2.1981889 1.5016536 2 P 0
L 2.1981889 1.4583465 2.2218109 1.4583465 2 P 0
L 2.1981889 1.5016536 2.2218109 1.5016536 2 P 0
L 2.203307 2.2164565 2.203307 2.2735432 2 P 0
L 2.2037009 1.7315354 2.2037009 1.7984645 2 P 0
L 2.2081891 1.6633464 2.2081891 1.7066535 2 P 0
L 2.2081891 1.6633464 2.2318111 1.6633464 2 P 0
L 2.2081891 1.7066535 2.2318111 1.7066535 2 P 0
L 2.2083465 1.4081891 2.2083465 1.4318111 2 P 0
L 2.2083465 1.4081891 2.2516536 1.4081891 2 P 0
L 2.2083465 1.4318111 2.2516536 1.4318111 2 P 0
L 2.2218109 1.4583465 2.2218109 1.5016536 2 P 0
L 2.2318111 1.6633464 2.2318111 1.7066535 2 P 0
L 2.2331891 1.6633464 2.2331891 1.7066535 2 P 0
L 2.2331891 1.6633464 2.2568111 1.6633464 2 P 0
L 2.2331891 1.7066535 2.2568111 1.7066535 2 P 0
L 2.2333464 1.5731889 2.2333464 1.5968109 2 P 0
L 2.2333464 1.5731889 2.2766535 1.5731889 2 P 0
L 2.2333464 1.5968109 2.2766535 1.5968109 2 P 0
L 2.2333464 1.6031889 2.2333464 1.6268109 2 P 0
L 2.2333464 1.6031889 2.2766535 1.6031889 2 P 0
L 2.2333464 1.6268109 2.2766535 1.6268109 2 P 0
L 2.2487796 2.3562994 2.2487796 2.393701 2 P 0
L 2.2516536 1.4081891 2.2516536 1.4318111 2 P 0
L 2.2568111 1.6633464 2.2568111 1.7066535 2 P 0
L 2.2683464 1.5331889 2.2683464 1.5568109 2 P 0
L 2.2683464 1.5331889 2.3116535 1.5331889 2 P 0
L 2.2683464 1.5568109 2.3116535 1.5568109 2 P 0
L 2.2686615 2.4031892 2.2686615 2.4268112 2 P 0
L 2.2686615 2.4031892 2.3119686 2.4031892 2 P 0
L 2.2686615 2.4268112 2.3119686 2.4268112 2 P 0
L 2.2686615 2.4581892 2.2686615 2.4818112 2 P 0
L 2.2686615 2.4581892 2.3119686 2.4581892 2 P 0
L 2.2686615 2.4818112 2.3119686 2.4818112 2 P 0
L 2.2731889 1.2383465 2.2731889 1.2816536 2 P 0
L 2.2731889 1.2383465 2.2968109 1.2383465 2 P 0
L 2.2731889 1.2816536 2.2968109 1.2816536 2 P 0
L 2.2731891 1.3133464 2.2731891 1.3566535 2 P 0
L 2.2731891 1.3133464 2.2968111 1.3133464 2 P 0
L 2.2731891 1.3566535 2.2968111 1.3566535 2 P 0
L 2.2766535 1.5731889 2.2766535 1.5968109 2 P 0
L 2.2766535 1.6031889 2.2766535 1.6268109 2 P 0
L 2.288937 2.1336221 2.288937 2.3859843 0 P 0
L 2.288937 2.1336221 2.5412992 2.1336221 0 P 0
L 2.288937 2.3859843 2.5412992 2.3859843 0 P 0
L 2.293504 1.5783463 2.293504 1.6216534 2 P 0
L 2.293504 1.5783463 2.317126 1.5783463 2 P 0
L 2.293504 1.6216534 2.317126 1.6216534 2 P 0
L 2.2968109 1.2383465 2.2968109 1.2816536 2 P 0
L 2.2968111 1.3133464 2.2968111 1.3566535 2 P 0
L 2.3116535 1.5331889 2.3116535 1.5568109 2 P 0
L 2.3119686 2.4031892 2.3119686 2.4268112 2 P 0
L 2.3119686 2.4581892 2.3119686 2.4818112 2 P 0
L 2.317126 1.5783463 2.317126 1.6216534 2 P 0
L 2.3436613 1.5731888 2.3436613 1.5968108 2 P 0
L 2.3436613 1.5731888 2.3869684 1.5731888 2 P 0
L 2.3436613 1.5968108 2.3869684 1.5968108 2 P 0
L 2.3436613 1.6331888 2.3436613 1.6568108 2 P 0
L 2.3436613 1.6331888 2.3869684 1.6331888 2 P 0
L 2.3436613 1.6568108 2.3869684 1.6568108 2 P 0
L 2.3436614 1.513189 2.3436614 1.536811 2 P 0
L 2.3436614 1.513189 2.3869685 1.513189 2 P 0
L 2.3436614 1.536811 2.3869685 1.536811 2 P 0
L 2.3436614 1.543189 2.3436614 1.566811 2 P 0
L 2.3436614 1.543189 2.3869685 1.543189 2 P 0
L 2.3436614 1.566811 2.3869685 1.566811 2 P 0
L 2.3436614 1.603189 2.3436614 1.626811 2 P 0
L 2.3436614 1.603189 2.3869685 1.603189 2 P 0
L 2.3436614 1.626811 2.3869685 1.626811 2 P 0
L 2.3485039 2.4983466 2.3485039 2.5416537 2 P 0
L 2.3485039 2.4983466 2.3721259 2.4983466 2 P 0
L 2.3485039 2.5416537 2.3721259 2.5416537 2 P 0
L 2.3586615 2.5631892 2.3586615 2.5868112 2 P 0
L 2.3586615 2.5631892 2.4019686 2.5631892 2 P 0
L 2.3586615 2.5868112 2.4019686 2.5868112 2 P 0
L 2.3715355 1.8862993 2.3715355 1.9237009 2 P 0
L 2.3715355 1.8862993 2.4384646 1.8862993 2 P 0
L 2.3715355 1.9237009 2.4384646 1.9237009 2 P 0
L 2.3715355 1.9312993 2.3715355 1.9687009 2 P 0
L 2.3715355 1.9312993 2.4384646 1.9312993 2 P 0
L 2.3715355 1.9687009 2.4384646 1.9687009 2 P 0
L 2.3721259 2.4983466 2.3721259 2.5416537 2 P 0
L 2.3785041 2.4233465 2.3785041 2.4666536 2 P 0
L 2.3785041 2.4233465 2.4021261 2.4233465 2 P 0
L 2.3785041 2.4666536 2.4021261 2.4666536 2 P 0
L 2.3785041 2.4983465 2.3785041 2.5416536 2 P 0
L 2.3785041 2.4983465 2.4021261 2.4983465 2 P 0
L 2.3785041 2.5416536 2.4021261 2.5416536 2 P 0
L 2.3869684 1.5731888 2.3869684 1.5968108 2 P 0
L 2.3869684 1.6331888 2.3869684 1.6568108 2 P 0
L 2.3869685 1.513189 2.3869685 1.536811 2 P 0
L 2.3869685 1.543189 2.3869685 1.566811 2 P 0
L 2.3869685 1.603189 2.3869685 1.626811 2 P 0
L 2.3935039 2.6133466 2.3935039 2.6566537 2 P 0
L 2.3935039 2.6133466 2.4171259 2.6133466 2 P 0
L 2.3935039 2.6566537 2.4171259 2.6566537 2 P 0
L 2.4019686 2.5631892 2.4019686 2.5868112 2 P 0
L 2.4021261 2.4233465 2.4021261 2.4666536 2 P 0
L 2.4021261 2.4983465 2.4021261 2.5416536 2 P 0
L 2.4036614 2.673189 2.4036614 2.696811 2 P 0
L 2.4036614 2.673189 2.4469685 2.673189 2 P 0
L 2.4036614 2.696811 2.4469685 2.696811 2 P 0
L 2.4085039 2.4983466 2.4085039 2.5416537 2 P 0
L 2.4085039 2.4983466 2.4321259 2.4983466 2 P 0
L 2.4085039 2.5416537 2.4321259 2.5416537 2 P 0
L 2.4085041 2.4233465 2.4085041 2.4666536 2 P 0
L 2.4085041 2.4233465 2.4321261 2.4233465 2 P 0
L 2.4085041 2.4666536 2.4321261 2.4666536 2 P 0
L 2.4171259 2.6133466 2.4171259 2.6566537 2 P 0
L 2.4283464 1.6631889 2.4283464 1.6868109 2 P 0
L 2.4283464 1.6631889 2.4716535 1.6631889 2 P 0
L 2.4283464 1.6868109 2.4716535 1.6868109 2 P 0
L 2.4283465 1.5431891 2.4283465 1.5668111 2 P 0
L 2.4283465 1.5431891 2.4716536 1.5431891 2 P 0
L 2.4283465 1.5668111 2.4716536 1.5668111 2 P 0
L 2.4286613 1.6031888 2.4286613 1.6268108 2 P 0
L 2.4286613 1.6031888 2.4719684 1.6031888 2 P 0
L 2.4286613 1.6268108 2.4719684 1.6268108 2 P 0
L 2.4286613 1.6331888 2.4286613 1.6568108 2 P 0
L 2.4286613 1.6331888 2.4719684 1.6331888 2 P 0
L 2.4286613 1.6568108 2.4719684 1.6568108 2 P 0
L 2.4286614 1.573189 2.4286614 1.596811 2 P 0
L 2.4286614 1.573189 2.4719685 1.573189 2 P 0
L 2.4286614 1.596811 2.4719685 1.596811 2 P 0
L 2.4321259 2.4983466 2.4321259 2.5416537 2 P 0
L 2.4321261 2.4233465 2.4321261 2.4666536 2 P 0
L 2.4384646 1.8862993 2.4384646 1.9237009 2 P 0
L 2.4384646 1.9312993 2.4384646 1.9687009 2 P 0
L 2.4385041 2.4983465 2.4385041 2.5416536 2 P 0
L 2.4385041 2.4983465 2.4621261 2.4983465 2 P 0
L 2.4385041 2.5416536 2.4621261 2.5416536 2 P 0
L 2.4469685 2.673189 2.4469685 2.696811 2 P 0
L 2.4586614 2.453189 2.4586614 2.476811 2 P 0
L 2.4586614 2.453189 2.5019685 2.453189 2 P 0
L 2.4586614 2.476811 2.5019685 2.476811 2 P 0
L 2.4621261 2.4983465 2.4621261 2.5416536 2 P 0
L 2.4716535 1.6631889 2.4716535 1.6868109 2 P 0
L 2.4716536 1.5431891 2.4716536 1.5668111 2 P 0
L 2.4719684 1.6031888 2.4719684 1.6268108 2 P 0
L 2.4719684 1.6331888 2.4719684 1.6568108 2 P 0
L 2.4719685 1.573189 2.4719685 1.596811 2 P 0
L 2.4915355 1.2162993 2.4915355 1.2537009 2 P 0
L 2.4915355 1.2162993 2.5584646 1.2162993 2 P 0
L 2.4915355 1.2537009 2.5584646 1.2537009 2 P 0
L 2.4915355 1.2962993 2.4915355 1.3337009 2 P 0
L 2.4915355 1.2962993 2.5584646 1.2962993 2 P 0
L 2.4915355 1.3337009 2.5584646 1.3337009 2 P 0
L 2.4931889 1.4183465 2.4931889 1.4616536 2 P 0
L 2.4931889 1.4183465 2.5168109 1.4183465 2 P 0
L 2.4931889 1.4616536 2.5168109 1.4616536 2 P 0
L 2.5019685 2.453189 2.5019685 2.476811 2 P 0
L 2.5168109 1.4183465 2.5168109 1.4616536 2 P 0
L 2.5233464 1.6031889 2.5233464 1.6268109 2 P 0
L 2.5233464 1.6031889 2.5666535 1.6031889 2 P 0
L 2.5233464 1.6268109 2.5666535 1.6268109 2 P 0
L 2.5233465 1.6331891 2.5233465 1.6568111 2 P 0
L 2.5233465 1.6331891 2.5666536 1.6331891 2 P 0
L 2.5233465 1.6568111 2.5666536 1.6568111 2 P 0
L 2.5412992 2.1336221 2.5412992 2.3859843 0 P 0
L 2.5584646 1.2162993 2.5584646 1.2537009 2 P 0
L 2.5584646 1.2962993 2.5584646 1.3337009 2 P 0
L 2.5666535 1.6031889 2.5666535 1.6268109 2 P 0
L 2.5666536 1.6331891 2.5666536 1.6568111 2 P 0
L 2.5681889 2.1383465 2.5681889 2.1816536 2 P 0
L 2.5681889 2.1383465 2.5918109 2.1383465 2 P 0
L 2.5681889 2.1816536 2.5918109 2.1816536 2 P 0
L 2.5736614 2.378189 2.5736614 2.401811 2 P 0
L 2.5736614 2.378189 2.6169685 2.378189 2 P 0
L 2.5736614 2.401811 2.6169685 2.401811 2 P 0
L 2.5918109 2.1383465 2.5918109 2.1816536 2 P 0
L 2.5965747 1.3644093 2.5965747 1.67937 0 P 0
L 2.5965747 1.3644093 2.9509055 1.3644093 0 P 0
L 2.5965747 1.67937 2.9509055 1.67937 0 P 0
L 2.6036615 2.4431892 2.6036615 2.4668112 2 P 0
L 2.6036615 2.4431892 2.6469686 2.4431892 2 P 0
L 2.6036615 2.4668112 2.6469686 2.4668112 2 P 0
L 2.6169685 2.378189 2.6169685 2.401811 2 P 0
L 2.6469686 2.4431892 2.6469686 2.4668112 2 P 0
L 2.665 2.09 2.665 2.365 0 P 0
L 2.665 2.09 2.965 2.09 0 P 0
L 2.665 2.365 2.715 2.39 0 P 0
L 2.6836614 2.443189 2.6836614 2.466811 2 P 0
L 2.6836614 2.443189 2.7269685 2.443189 2 P 0
L 2.6836614 2.466811 2.7269685 2.466811 2 P 0
L 2.715 2.39 2.965 2.39 0 P 0
L 2.7269685 2.443189 2.7269685 2.466811 2 P 0
L 2.7415355 2.0412993 2.7415355 2.0787009 2 P 0
L 2.7415355 2.0412993 2.8084646 2.0412993 2 P 0
L 2.7415355 2.0787009 2.8084646 2.0787009 2 P 0
L 2.76 1 2.765 1 0 P 0
L 2.7686615 2.4431892 2.7686615 2.4668112 2 P 0
L 2.7686615 2.4431892 2.8119686 2.4431892 2 P 0
L 2.7686615 2.4668112 2.8119686 2.4668112 2 P 0
L 2.77 1 2.965 1.195 0 P 0
L 2.775 2.965 2.965 2.775 0 P 0
L 2.8084646 2.0412993 2.8084646 2.0787009 2 P 0
L 2.8119686 2.4431892 2.8119686 2.4668112 2 P 0
L 2.8436614 2.443189 2.8436614 2.466811 2 P 0
L 2.8436614 2.443189 2.8869685 2.443189 2 P 0
L 2.8436614 2.466811 2.8869685 2.466811 2 P 0
L 2.8465355 2.0412993 2.8465355 2.0787009 2 P 0
L 2.8465355 2.0412993 2.9134646 2.0412993 2 P 0
L 2.8465355 2.0787009 2.9134646 2.0787009 2 P 0
L 2.8869685 2.443189 2.8869685 2.466811 2 P 0
L 2.9134646 2.0412993 2.9134646 2.0787009 2 P 0
L 2.9509055 1.3644093 2.9509055 1.67937 0 P 0
L 2.965 1.195 2.965 2.775 0 P 0
L 2.965 2.09 2.965 2.39 0 P 0
S P 0
OB 2.3116719 2.1552757 I
OS 2.3100868 2.1514488
OS 2.3062599 2.1498637
OS 2.302433 2.1514488
OS 2.3008479 2.1552757
OS 2.3008479 2.1552757
OS 2.302433 2.1591026
OS 2.3062599 2.1606877
OS 2.3100868 2.1591026
OS 2.3116719 2.1552757
OS 2.3116719 2.1552757
OE
SE
S P 0
OB 1.9169291 1.7178356 I
OS 1.9130273 1.7186117
OS 1.9097195 1.7208219
OS 1.9075093 1.7241297
OS 1.9067332 1.7280315
OS 1.9075093 1.7319333
OS 1.9097195 1.7352411
OS 1.9130273 1.7374513
OS 1.9169291 1.7382274
OS 1.9169291 1.7382274
OS 1.9208309 1.7374513
OS 1.9241387 1.7352411
OS 1.9263489 1.7319333
OS 1.927125 1.7280315
OS 1.9263489 1.7241297
OS 1.9241387 1.7208219
OS 1.9208309 1.7186117
OS 1.9169291 1.7178356
OS 1.9169291 1.7178356
OE
SE
S P 0
OB 2.6379133 1.6907182 I
OS 2.6286964 1.6925515
OS 2.6208828 1.6977725
OS 2.6156618 1.7055861
OS 2.6138285 1.714803
OS 2.6156618 1.7240199
OS 2.6208828 1.7318335
OS 2.6286964 1.7370545
OS 2.6379133 1.7388878
OS 2.6471302 1.7370545
OS 2.6549438 1.7318335
OS 2.6601648 1.7240199
OS 2.6619981 1.714803
OS 2.6601648 1.7055861
OS 2.6549438 1.6977725
OS 2.6471302 1.6925515
OS 2.6379133 1.6907182
OE
SE
