#Layer_Color=32768
#
#Feature symbol names
#
$0 r10
$1 r1
$2 r3.937
$3 r1.9685

#
#Feature attribute names
#

#
#Layer features
#
L 1 1.2 1 2.775 0 P 0
L 1 1.2 1.2 1 0 P 0
L 1 2.775 1.19 2.965 0 P 0
L 1.022756 1.6083465 1.022756 1.6516536 2 P 0
L 1.022756 1.6083465 1.1172442 1.6083465 2 P 0
L 1.022756 1.6516536 1.1172442 1.6516536 2 P 0
L 1.022756 1.6533465 1.022756 1.6966536 2 P 0
L 1.022756 1.6533465 1.1172442 1.6533465 2 P 0
L 1.022756 1.6966536 1.1172442 1.6966536 2 P 0
L 1.0348818 1.2485038 1.0348818 1.3114959 2 P 0
L 1.0348818 1.2485038 1.1451181 1.2485038 2 P 0
L 1.0348818 1.3114959 1.1451181 1.3114959 2 P 0
L 1.0512993 1.6300001 1.0887008 1.6300001 2 P 0
L 1.0512993 1.6750001 1.0887008 1.6750001 2 P 0
L 1.0700001 1.6112993 1.0700001 1.6487009 2 P 0
L 1.0700001 1.6562993 1.0700001 1.6937009 2 P 0
L 1.0703149 1.2799999 1.109685 1.2799999 2 P 0
L 1.0899999 1.2603148 1.0899999 1.2996849 2 P 0
L 1.1172442 1.6083465 1.1172442 1.6516536 2 P 0
L 1.1172442 1.6533465 1.1172442 1.6966536 2 P 0
L 1.1451181 1.2485038 1.1451181 1.3114959 2 P 0
L 1.1733465 1.4427558 1.1733465 1.537244 2 P 0
L 1.1733465 1.4427558 1.2166536 1.4427558 2 P 0
L 1.1733465 1.537244 1.2166536 1.537244 2 P 0
L 1.1762993 1.4899999 1.2137009 1.4899999 2 P 0
L 1.19 2.965 2.775 2.965 0 P 0
L 1.1950001 1.4712992 1.1950001 1.5087007 2 P 0
L 1.2 1 2.77 1 0 P 0
L 1.2027558 1.2583464 1.2027558 1.3016535 2 P 0
L 1.2027558 1.2583464 1.297244 1.2583464 2 P 0
L 1.2027558 1.3016535 1.297244 1.3016535 2 P 0
L 1.202756 1.3033465 1.202756 1.3466536 2 P 0
L 1.202756 1.3033465 1.2972442 1.3033465 2 P 0
L 1.202756 1.3466536 1.2972442 1.3466536 2 P 0
L 1.212756 1.8383465 1.212756 1.8816536 2 P 0
L 1.212756 1.8383465 1.3072442 1.8383465 2 P 0
L 1.212756 1.8816536 1.3072442 1.8816536 2 P 0
L 1.212756 1.8883465 1.212756 1.9316536 2 P 0
L 1.212756 1.8883465 1.3072442 1.8883465 2 P 0
L 1.212756 1.9316536 1.3072442 1.9316536 2 P 0
L 1.2166536 1.4427558 1.2166536 1.537244 2 P 0
L 1.2298818 1.5835038 1.2298818 1.6464959 2 P 0
L 1.2298818 1.5835038 1.3401181 1.5835038 2 P 0
L 1.2298818 1.6464959 1.3401181 1.6464959 2 P 0
L 1.2312992 1.2799999 1.2687007 1.2799999 2 P 0
L 1.2312993 1.3250001 1.2687008 1.3250001 2 P 0
L 1.2362598 1.3512598 1.2362598 1.5087402 3 P 0
L 1.2362598 1.3512598 1.3937402 1.3512598 3 P 0
L 1.2362598 1.5087402 1.3937402 1.5087402 3 P 0
L 1.2412993 1.8600001 1.2787008 1.8600001 2 P 0
L 1.2412993 1.9100001 1.2787008 1.9100001 2 P 0
L 1.2499999 1.2612991 1.2499999 1.2987007 2 P 0
L 1.2500001 1.3062993 1.2500001 1.3437009 2 P 0
L 1.2600001 1.8412993 1.2600001 1.8787009 2 P 0
L 1.2600001 1.8912993 1.2600001 1.9287009 2 P 0
L 1.2653149 1.6149999 1.304685 1.6149999 2 P 0
L 1.2745669 2.2212204 1.2745669 2.2487794 2 P 0
L 1.2745669 2.2212204 1.345433 2.2212204 2 P 0
L 1.2745669 2.2487794 1.345433 2.2487794 2 P 0
L 1.2849999 1.5953148 1.2849999 1.6346849 2 P 0
L 1.2912206 2.3695669 1.2912206 2.440433 2 P 0
L 1.2912206 2.3695669 1.3187796 2.3695669 2 P 0
L 1.2912206 2.440433 1.3187796 2.440433 2 P 0
L 1.2931891 2.405 1.3168111 2.405 2 P 0
L 1.295315 1.43 1.3346851 1.43 2 P 0
L 1.297244 1.2583464 1.297244 1.3016535 2 P 0
L 1.2972442 1.3033465 1.2972442 1.3466536 2 P 0
L 1.2977558 1.2883464 1.2977558 1.3316535 2 P 0
L 1.2977558 1.2883464 1.392244 1.2883464 2 P 0
L 1.2977558 1.3316535 1.392244 1.3316535 2 P 0
L 1.297756 1.2433465 1.297756 1.2866536 2 P 0
L 1.297756 1.2433465 1.3922442 1.2433465 2 P 0
L 1.297756 1.2866536 1.3922442 1.2866536 2 P 0
L 1.2981889 2.2349999 1.321811 2.2349999 2 P 0
L 1.3050001 2.3931889 1.3050001 2.416811 2 P 0
L 1.3072442 1.8383465 1.3072442 1.8816536 2 P 0
L 1.3072442 1.8883465 1.3072442 1.9316536 2 P 0
L 1.31 2.2231889 1.31 2.2468109 2 P 0
L 1.3112204 1.894567 1.3112204 1.9654331 2 P 0
L 1.3112204 1.894567 1.3387794 1.894567 2 P 0
L 1.3112204 1.9654331 1.3387794 1.9654331 2 P 0
L 1.3112206 1.8045669 1.3112206 1.875433 2 P 0
L 1.3112206 1.8045669 1.3387796 1.8045669 2 P 0
L 1.3112206 1.875433 1.3387796 1.875433 2 P 0
L 1.3131889 1.93 1.3368109 1.93 2 P 0
L 1.3131891 1.84 1.3368111 1.84 2 P 0
L 1.3150001 1.410315 1.3150001 1.4496851 2 P 0
L 1.3187796 2.3695669 1.3187796 2.440433 2 P 0
L 1.3249999 1.918189 1.3249999 1.9418111 2 P 0
L 1.3250001 1.8281889 1.3250001 1.851811 2 P 0
L 1.3262992 1.3099999 1.3637007 1.3099999 2 P 0
L 1.3262993 1.2650001 1.3637008 1.2650001 2 P 0
L 1.3335038 1.6498819 1.3335038 1.7601182 2 P 0
L 1.3335038 1.6498819 1.3964959 1.6498819 2 P 0
L 1.3335038 1.7601182 1.3964959 1.7601182 2 P 0
L 1.3387794 1.894567 1.3387794 1.9654331 2 P 0
L 1.3387796 1.8045669 1.3387796 1.875433 2 P 0
L 1.34 2.525 1.34 2.775 0 P 0
L 1.34 2.525 1.365 2.475 0 P 0
L 1.34 2.775 1.64 2.775 0 P 0
L 1.3401181 1.5835038 1.3401181 1.6464959 2 P 0
L 1.3433465 1.7827558 1.3433465 1.877244 2 P 0
L 1.3433465 1.7827558 1.3866536 1.7827558 2 P 0
L 1.3433465 1.877244 1.3866536 1.877244 2 P 0
L 1.3449999 1.2912991 1.3449999 1.3287007 2 P 0
L 1.3450001 1.2462993 1.3450001 1.2837009 2 P 0
L 1.3453148 1.7050001 1.3846849 1.7050001 2 P 0
L 1.345433 2.2212204 1.345433 2.2487794 2 P 0
L 1.3462204 2.179567 1.3462204 2.2504331 2 P 0
L 1.3462204 2.179567 1.3737794 2.179567 2 P 0
L 1.3462204 2.2504331 1.3737794 2.2504331 2 P 0
L 1.3462993 1.8299999 1.3837009 1.8299999 2 P 0
L 1.3481889 2.215 1.3718109 2.215 2 P 0
L 1.3583465 1.5227558 1.3583465 1.617244 2 P 0
L 1.3583465 1.5227558 1.4016536 1.5227558 2 P 0
L 1.3583465 1.617244 1.4016536 1.617244 2 P 0
L 1.3599999 2.203189 1.3599999 2.2268111 2 P 0
L 1.3612993 1.5699999 1.3987009 1.5699999 2 P 0
L 1.3649999 1.685315 1.3649999 1.7246851 2 P 0
L 1.365 2.475 1.64 2.475 0 P 0
L 1.3650001 1.8112992 1.3650001 1.8487007 2 P 0
L 1.3737794 2.179567 1.3737794 2.2504331 2 P 0
L 1.3745669 2.2212204 1.3745669 2.2487794 2 P 0
L 1.3745669 2.2212204 1.445433 2.2212204 2 P 0
L 1.3745669 2.2487794 1.445433 2.2487794 2 P 0
L 1.3800001 1.5512992 1.3800001 1.5887007 2 P 0
L 1.3848819 2.0985041 1.3848819 2.1614962 2 P 0
L 1.3848819 2.0985041 1.4951182 2.0985041 2 P 0
L 1.3848819 2.1614962 1.4951182 2.1614962 2 P 0
L 1.3866536 1.7827558 1.3866536 1.877244 2 P 0
L 1.392244 1.2883464 1.392244 1.3316535 2 P 0
L 1.3922442 1.2433465 1.3922442 1.2866536 2 P 0
L 1.3937402 1.3512598 1.3937402 1.5087402 3 P 0
L 1.3964959 1.6498819 1.3964959 1.7601182 2 P 0
L 1.3981889 2.2349999 1.421811 2.2349999 2 P 0
L 1.3983465 1.2427558 1.3983465 1.337244 2 P 0
L 1.3983465 1.2427558 1.4416536 1.2427558 2 P 0
L 1.3983465 1.337244 1.4416536 1.337244 2 P 0
L 1.4012993 1.2899999 1.4387009 1.2899999 2 P 0
L 1.4016536 1.5227558 1.4016536 1.617244 2 P 0
L 1.41 2.2231889 1.41 2.2468109 2 P 0
L 1.4135041 1.4498818 1.4135041 1.5601181 2 P 0
L 1.4135041 1.4498818 1.4764962 1.4498818 2 P 0
L 1.4135041 1.5601181 1.4764962 1.5601181 2 P 0
L 1.4183465 1.6177558 1.4183465 1.712244 2 P 0
L 1.4183465 1.6177558 1.4616536 1.6177558 2 P 0
L 1.4183465 1.712244 1.4616536 1.712244 2 P 0
L 1.4200001 1.2712992 1.4200001 1.3087007 2 P 0
L 1.420315 2.1300001 1.4596851 2.1300001 2 P 0
L 1.4212993 1.6649999 1.4587009 1.6649999 2 P 0
L 1.4253151 1.5049999 1.4646852 1.5049999 2 P 0
L 1.4400001 1.6462992 1.4400001 1.6837007 2 P 0
L 1.4400001 2.1103151 1.4400001 2.1496852 2 P 0
L 1.4416536 1.2427558 1.4416536 1.337244 2 P 0
L 1.4450001 1.4853149 1.4450001 1.524685 2 P 0
L 1.445433 2.2212204 1.445433 2.2487794 2 P 0
L 1.4495669 2.2012204 1.4495669 2.2287794 2 P 0
L 1.4495669 2.2012204 1.520433 2.2012204 2 P 0
L 1.4495669 2.2287794 1.520433 2.2287794 2 P 0
L 1.449567 2.1712206 1.449567 2.1987796 2 P 0
L 1.449567 2.1712206 1.5204331 2.1712206 2 P 0
L 1.449567 2.1987796 1.5204331 2.1987796 2 P 0
L 1.4545669 2.2612204 1.4545669 2.2887794 2 P 0
L 1.4545669 2.2612204 1.525433 2.2612204 2 P 0
L 1.4545669 2.2887794 1.525433 2.2887794 2 P 0
L 1.454567 2.2312206 1.454567 2.2587796 2 P 0
L 1.454567 2.2312206 1.5254331 2.2312206 2 P 0
L 1.454567 2.2587796 1.5254331 2.2587796 2 P 0
L 1.454567 2.2912206 1.454567 2.3187796 2 P 0
L 1.454567 2.2912206 1.5254331 2.2912206 2 P 0
L 1.454567 2.3187796 1.5254331 2.3187796 2 P 0
L 1.4616536 1.6177558 1.4616536 1.712244 2 P 0
L 1.4731889 2.2149999 1.496811 2.2149999 2 P 0
L 1.473189 2.1850001 1.4968111 2.1850001 2 P 0
L 1.4764962 1.4498818 1.4764962 1.5601181 2 P 0
L 1.4781889 2.2749999 1.501811 2.2749999 2 P 0
L 1.478189 2.2450001 1.5018111 2.2450001 2 P 0
L 1.478189 2.3050001 1.5018111 2.3050001 2 P 0
L 1.4808661 1.6520079 1.4808661 1.7779921 2 P 0
L 1.4808661 1.6520079 1.5891339 1.6520079 2 P 0
L 1.4808661 1.7779921 1.5891339 1.7779921 2 P 0
L 1.485 2.1731891 1.485 2.1968111 2 P 0
L 1.485 2.2031889 1.485 2.2268109 2 P 0
L 1.49 2.2331891 1.49 2.2568111 2 P 0
L 1.49 2.2631889 1.49 2.2868109 2 P 0
L 1.49 2.2931891 1.49 2.3168111 2 P 0
L 1.4912206 2.0195669 1.4912206 2.090433 2 P 0
L 1.4912206 2.0195669 1.5187796 2.0195669 2 P 0
L 1.4912206 2.090433 1.5187796 2.090433 2 P 0
L 1.4931891 2.055 1.5168111 2.055 2 P 0
L 1.4951182 2.0985041 1.4951182 2.1614962 2 P 0
L 1.5050001 2.0431889 1.5050001 2.066811 2 P 0
L 1.5083464 1.462756 1.5083464 1.5572442 2 P 0
L 1.5083464 1.462756 1.5516535 1.462756 2 P 0
L 1.5083464 1.5572442 1.5516535 1.5572442 2 P 0
L 1.5112991 1.5100001 1.5487007 1.5100001 2 P 0
L 1.515315 1.715 1.5546851 1.715 2 P 0
L 1.5162206 2.3945669 1.5162206 2.465433 2 P 0
L 1.5162206 2.3945669 1.5437796 2.3945669 2 P 0
L 1.5162206 2.465433 1.5437796 2.465433 2 P 0
L 1.5181891 2.43 1.5418111 2.43 2 P 0
L 1.5187796 2.0195669 1.5187796 2.090433 2 P 0
L 1.520433 2.2012204 1.520433 2.2287794 2 P 0
L 1.5204331 2.1712206 1.5204331 2.1987796 2 P 0
L 1.525433 2.2612204 1.525433 2.2887794 2 P 0
L 1.5254331 2.2312206 1.5254331 2.2587796 2 P 0
L 1.5254331 2.2912206 1.5254331 2.3187796 2 P 0
L 1.529567 2.1962206 1.529567 2.2237796 2 P 0
L 1.529567 2.1962206 1.6004331 2.1962206 2 P 0
L 1.529567 2.2237796 1.6004331 2.2237796 2 P 0
L 1.529567 2.2262206 1.529567 2.2537796 2 P 0
L 1.529567 2.2262206 1.6004331 2.2262206 2 P 0
L 1.529567 2.2537796 1.6004331 2.2537796 2 P 0
L 1.5299999 1.4912993 1.5299999 1.5287008 2 P 0
L 1.5300001 2.4181889 1.5300001 2.441811 2 P 0
L 1.535 1.6953149 1.535 1.734685 2 P 0
L 1.5362204 2.104567 1.5362204 2.1754331 2 P 0
L 1.5362204 2.104567 1.5637794 2.104567 2 P 0
L 1.5362204 2.1754331 1.5637794 2.1754331 2 P 0
L 1.5381889 2.14 1.5618109 2.14 2 P 0
L 1.5437796 2.3945669 1.5437796 2.465433 2 P 0
L 1.5499999 2.128189 1.5499999 2.1518111 2 P 0
L 1.5516535 1.462756 1.5516535 1.5572442 2 P 0
L 1.553189 2.2100001 1.5768111 2.2100001 2 P 0
L 1.553189 2.2400001 1.5768111 2.2400001 2 P 0
L 1.5637794 2.104567 1.5637794 2.1754331 2 P 0
L 1.565 2.1981891 1.565 2.2218111 2 P 0
L 1.565 2.2281891 1.565 2.2518111 2 P 0
L 1.5662204 2.104567 1.5662204 2.1754331 2 P 0
L 1.5662204 2.104567 1.5937794 2.104567 2 P 0
L 1.5662204 2.1754331 1.5937794 2.1754331 2 P 0
L 1.5681889 2.14 1.5918109 2.14 2 P 0
L 1.5762204 1.549567 1.5762204 1.6204331 2 P 0
L 1.5762204 1.549567 1.6037794 1.549567 2 P 0
L 1.5762204 1.6204331 1.6037794 1.6204331 2 P 0
L 1.5781889 1.585 1.6018109 1.585 2 P 0
L 1.5783464 1.997756 1.5783464 2.0922442 2 P 0
L 1.5783464 1.997756 1.6216535 1.997756 2 P 0
L 1.5783464 2.0922442 1.6216535 2.0922442 2 P 0
L 1.5799999 2.128189 1.5799999 2.1518111 2 P 0
L 1.5812991 2.0450001 1.6187007 2.0450001 2 P 0
L 1.5891339 1.6520079 1.5891339 1.7779921 2 P 0
L 1.5899999 1.573189 1.5899999 1.5968111 2 P 0
L 1.5937794 2.104567 1.5937794 2.1754331 2 P 0
L 1.5999999 2.0262993 1.5999999 2.0637008 2 P 0
L 1.6004331 2.1962206 1.6004331 2.2237796 2 P 0
L 1.6004331 2.2262206 1.6004331 2.2537796 2 P 0
L 1.6012204 1.644567 1.6012204 1.7154331 2 P 0
L 1.6012204 1.644567 1.6287794 1.644567 2 P 0
L 1.6012204 1.7154331 1.6287794 1.7154331 2 P 0
L 1.602756 1.7733465 1.602756 1.8166536 2 P 0
L 1.602756 1.7733465 1.6972442 1.7733465 2 P 0
L 1.602756 1.8166536 1.6972442 1.8166536 2 P 0
L 1.6031889 1.68 1.6268109 1.68 2 P 0
L 1.6037794 1.549567 1.6037794 1.6204331 2 P 0
L 1.6074803 1.4842914 1.6074803 1.6457087 2 P 0
L 1.6074803 1.4842914 1.7925197 1.4842914 2 P 0
L 1.6074803 1.6457087 1.7925197 1.6457087 2 P 0
L 1.6149999 1.668189 1.6149999 1.6918111 2 P 0
L 1.6162206 2.3795669 1.6162206 2.450433 2 P 0
L 1.6162206 2.3795669 1.6437796 2.3795669 2 P 0
L 1.6162206 2.450433 1.6437796 2.450433 2 P 0
L 1.6181891 2.415 1.6418111 2.415 2 P 0
L 1.6216535 1.997756 1.6216535 2.0922442 2 P 0
L 1.6287794 1.644567 1.6287794 1.7154331 2 P 0
L 1.6300001 2.4031889 1.6300001 2.426811 2 P 0
L 1.6312204 1.989567 1.6312204 2.0604331 2 P 0
L 1.6312204 1.989567 1.6587794 1.989567 2 P 0
L 1.6312204 2.0604331 1.6587794 2.0604331 2 P 0
L 1.6312993 1.7950001 1.6687008 1.7950001 2 P 0
L 1.6331889 2.025 1.6568109 2.025 2 P 0
L 1.64 2.475 1.64 2.775 0 P 0
L 1.6427558 2.7033464 1.6427558 2.7466535 2 P 0
L 1.6427558 2.7033464 1.737244 2.7033464 2 P 0
L 1.6427558 2.7466535 1.737244 2.7466535 2 P 0
L 1.6433464 2.417756 1.6433464 2.5122442 2 P 0
L 1.6433464 2.417756 1.6866535 2.417756 2 P 0
L 1.6433464 2.5122442 1.6866535 2.5122442 2 P 0
L 1.6437796 2.3795669 1.6437796 2.450433 2 P 0
L 1.6449999 2.013189 1.6449999 2.0368111 2 P 0
L 1.6462991 2.4650001 1.6837007 2.4650001 2 P 0
L 1.6500001 1.7762993 1.6500001 1.8137009 2 P 0
L 1.6587794 1.989567 1.6587794 2.0604331 2 P 0
L 1.6612204 1.974567 1.6612204 2.0454331 2 P 0
L 1.6612204 1.974567 1.6887794 1.974567 2 P 0
L 1.6612204 2.0454331 1.6887794 2.0454331 2 P 0
L 1.6627558 1.7283464 1.6627558 1.7716535 2 P 0
L 1.6627558 1.7283464 1.757244 1.7283464 2 P 0
L 1.6627558 1.7716535 1.757244 1.7716535 2 P 0
L 1.6631889 2.01 1.6868109 2.01 2 P 0
L 1.6649999 2.4462993 1.6649999 2.4837008 2 P 0
L 1.6712992 2.7249999 1.7087007 2.7249999 2 P 0
L 1.6727558 1.6433464 1.6727558 1.6866535 2 P 0
L 1.6727558 1.6433464 1.767244 1.6433464 2 P 0
L 1.6727558 1.6866535 1.767244 1.6866535 2 P 0
L 1.6749999 1.998189 1.6749999 2.0218111 2 P 0
L 1.6762204 1.874567 1.6762204 1.9454331 2 P 0
L 1.6762204 1.874567 1.7037794 1.874567 2 P 0
L 1.6762204 1.9454331 1.7037794 1.9454331 2 P 0
L 1.6781889 1.91 1.7018109 1.91 2 P 0
L 1.680315 1.565 1.719685 1.565 2 P 0
L 1.6833465 1.2377558 1.6833465 1.332244 2 P 0
L 1.6833465 1.2377558 1.7266536 1.2377558 2 P 0
L 1.6833465 1.332244 1.7266536 1.332244 2 P 0
L 1.6862993 1.2849999 1.7237009 1.2849999 2 P 0
L 1.6866535 2.417756 1.6866535 2.5122442 2 P 0
L 1.6887794 1.974567 1.6887794 2.0454331 2 P 0
L 1.6899999 1.898189 1.6899999 1.9218111 2 P 0
L 1.6899999 2.7062991 1.6899999 2.7437007 2 P 0
L 1.6912992 1.7499999 1.7287007 1.7499999 2 P 0
L 1.6972442 1.7733465 1.6972442 1.8166536 2 P 0
L 1.697756 1.3833465 1.697756 1.4266536 2 P 0
L 1.697756 1.3833465 1.7922442 1.3833465 2 P 0
L 1.697756 1.4266536 1.7922442 1.4266536 2 P 0
L 1.7 1.545315 1.7 1.5846851 2 P 0
L 1.7012992 1.6649999 1.7387007 1.6649999 2 P 0
L 1.7037794 1.874567 1.7037794 1.9454331 2 P 0
L 1.7050001 1.2662992 1.7050001 1.3037007 2 P 0
L 1.7099999 1.7312991 1.7099999 1.7687007 2 P 0
L 1.7127558 2.5183464 1.7127558 2.5616535 2 P 0
L 1.7127558 2.5183464 1.807244 2.5183464 2 P 0
L 1.7127558 2.5616535 1.807244 2.5616535 2 P 0
L 1.712756 2.5633465 1.712756 2.6066536 2 P 0
L 1.712756 2.5633465 1.8072442 2.5633465 2 P 0
L 1.712756 2.6066536 1.8072442 2.6066536 2 P 0
L 1.7199999 1.6462991 1.7199999 1.6837007 2 P 0
L 1.7262993 1.4050001 1.7637008 1.4050001 2 P 0
L 1.7266536 1.2377558 1.7266536 1.332244 2 P 0
L 1.7345669 1.4462204 1.7345669 1.4737794 2 P 0
L 1.7345669 1.4462204 1.805433 1.4462204 2 P 0
L 1.7345669 1.4737794 1.805433 1.4737794 2 P 0
L 1.737244 2.7033464 1.737244 2.7466535 2 P 0
L 1.7383465 1.2377558 1.7383465 1.332244 2 P 0
L 1.7383465 1.2377558 1.7816536 1.2377558 2 P 0
L 1.7383465 1.332244 1.7816536 1.332244 2 P 0
L 1.7412992 2.5399999 1.7787007 2.5399999 2 P 0
L 1.7412993 1.2849999 1.7787009 1.2849999 2 P 0
L 1.7412993 2.5850001 1.7787008 2.5850001 2 P 0
L 1.7450001 1.3862993 1.7450001 1.4237009 2 P 0
L 1.757244 1.7283464 1.757244 1.7716535 2 P 0
L 1.7581889 1.4599999 1.781811 1.4599999 2 P 0
L 1.7599999 2.5212991 1.7599999 2.5587007 2 P 0
L 1.7600001 1.2662992 1.7600001 1.3037007 2 P 0
L 1.7600001 2.5662993 1.7600001 2.6037009 2 P 0
L 1.767244 1.6433464 1.767244 1.6866535 2 P 0
L 1.77 1.4481889 1.77 1.4718109 2 P 0
L 1.7727558 1.6283464 1.7727558 1.6716535 2 P 0
L 1.7727558 1.6283464 1.867244 1.6283464 2 P 0
L 1.7727558 1.6716535 1.867244 1.6716535 2 P 0
L 1.7816536 1.2377558 1.7816536 1.332244 2 P 0
L 1.7912204 1.509567 1.7912204 1.5804331 2 P 0
L 1.7912204 1.509567 1.8187794 1.509567 2 P 0
L 1.7912204 1.5804331 1.8187794 1.5804331 2 P 0
L 1.7922442 1.3833465 1.7922442 1.4266536 2 P 0
L 1.7925197 1.4842914 1.7925197 1.6457087 2 P 0
L 1.7931889 1.545 1.8168109 1.545 2 P 0
L 1.8012992 1.6499999 1.8387007 1.6499999 2 P 0
L 1.8049999 1.533189 1.8049999 1.5568111 2 P 0
L 1.805433 1.4462204 1.805433 1.4737794 2 P 0
L 1.807244 2.5183464 1.807244 2.5616535 2 P 0
L 1.8072442 2.5633465 1.8072442 2.6066536 2 P 0
L 1.8187794 1.509567 1.8187794 1.5804331 2 P 0
L 1.8199999 1.6312991 1.8199999 1.6687007 2 P 0
L 1.825 1.13 1.825 1.43 0 P 0
L 1.825 1.13 2.125 1.13 0 P 0
L 1.825 1.43 2.1 1.43 0 P 0
L 1.8335041 1.7398818 1.8335041 1.8501181 2 P 0
L 1.8335041 1.7398818 1.8964962 1.7398818 2 P 0
L 1.8335041 1.8501181 1.8964962 1.8501181 2 P 0
L 1.8345669 1.6812204 1.8345669 1.7087794 2 P 0
L 1.8345669 1.6812204 1.905433 1.6812204 2 P 0
L 1.8345669 1.7087794 1.905433 1.7087794 2 P 0
L 1.8453151 1.7949999 1.8846852 1.7949999 2 P 0
L 1.8581889 1.6949999 1.881811 1.6949999 2 P 0
L 1.8645669 2.0362204 1.8645669 2.0637794 2 P 0
L 1.8645669 2.0362204 1.935433 2.0362204 2 P 0
L 1.8645669 2.0637794 1.935433 2.0637794 2 P 0
L 1.8650001 1.7753149 1.8650001 1.814685 2 P 0
L 1.867244 1.6283464 1.867244 1.6716535 2 P 0
L 1.87 1.6831889 1.87 1.7068109 2 P 0
L 1.8827558 2.6283464 1.8827558 2.6716535 2 P 0
L 1.8827558 2.6283464 1.977244 2.6283464 2 P 0
L 1.8827558 2.6716535 1.977244 2.6716535 2 P 0
L 1.8827558 2.6833464 1.8827558 2.7266535 2 P 0
L 1.8827558 2.6833464 1.977244 2.6833464 2 P 0
L 1.8827558 2.7266535 1.977244 2.7266535 2 P 0
L 1.8881889 2.0499999 1.911811 2.0499999 2 P 0
L 1.8964962 1.7398818 1.8964962 1.8501181 2 P 0
L 1.9 2.0381889 1.9 2.0618109 2 P 0
L 1.905433 1.6812204 1.905433 1.7087794 2 P 0
L 1.9062206 2.0645669 1.9062206 2.135433 2 P 0
L 1.9062206 2.0645669 1.9337796 2.0645669 2 P 0
L 1.9062206 2.135433 1.9337796 2.135433 2 P 0
L 1.9081891 2.1 1.9318111 2.1 2 P 0
L 1.9112992 2.6499999 1.9487007 2.6499999 2 P 0
L 1.9112992 2.7049999 1.9487007 2.7049999 2 P 0
L 1.9200001 2.0881889 1.9200001 2.111811 2 P 0
L 1.928622 1.4640158 1.928622 1.716378 1 P 0
L 1.928622 1.4640158 2.1809842 1.4640158 1 P 0
L 1.928622 1.716378 2.1809842 1.716378 1 P 0
L 1.9299999 2.6312991 1.9299999 2.6687007 2 P 0
L 1.9299999 2.6862991 1.9299999 2.7237007 2 P 0
L 1.9337796 2.0645669 1.9337796 2.135433 2 P 0
L 1.935433 2.0362204 1.935433 2.0637794 2 P 0
L 1.9385041 2.0348818 1.9385041 2.1451181 2 P 0
L 1.9385041 2.0348818 2.0014962 2.0348818 2 P 0
L 1.9385041 2.1451181 2.0014962 2.1451181 2 P 0
L 1.9503151 2.0899999 1.9896852 2.0899999 2 P 0
L 1.9700001 2.0703149 1.9700001 2.109685 2 P 0
L 1.977244 2.6283464 1.977244 2.6716535 2 P 0
L 1.977244 2.6833464 1.977244 2.7266535 2 P 0
L 2.0014962 2.0348818 2.0014962 2.1451181 2 P 0
L 2.0301969 2.3785042 2.0301969 2.4414963 2 P 0
L 2.0301969 2.3785042 2.1404332 2.3785042 2 P 0
L 2.0301969 2.4414963 2.1404332 2.4414963 2 P 0
L 2.06563 2.4100002 2.1050001 2.4100002 2 P 0
L 2.0853151 2.3903152 2.0853151 2.4296853 2 P 0
L 2.089567 1.8162206 2.089567 1.8437796 2 P 0
L 2.089567 1.8162206 2.1604331 1.8162206 2 P 0
L 2.089567 1.8437796 2.1604331 1.8437796 2 P 0
L 2.0898819 1.8535041 2.0898819 1.9164962 2 P 0
L 2.0898819 1.8535041 2.2001182 1.8535041 2 P 0
L 2.0898819 1.9164962 2.2001182 1.9164962 2 P 0
L 2.0962206 1.7395669 2.0962206 1.810433 2 P 0
L 2.0962206 1.7395669 2.1237796 1.7395669 2 P 0
L 2.0962206 1.810433 2.1237796 1.810433 2 P 0
L 2.0981891 1.775 2.1218111 1.775 2 P 0
L 2.1 1.43 2.125 1.38 0 P 0
L 2.1015354 2.4445671 2.1015354 2.5154332 2 P 0
L 2.1015354 2.4445671 2.1290944 2.4445671 2 P 0
L 2.1015354 2.5154332 2.1290944 2.5154332 2 P 0
L 2.1035039 2.4800001 2.1271259 2.4800001 2 P 0
L 2.1048818 2.2135038 2.1048818 2.2764959 2 P 0
L 2.1048818 2.2135038 2.2151181 2.2135038 2 P 0
L 2.1048818 2.2764959 2.2151181 2.2764959 2 P 0
L 2.1100001 1.7631889 2.1100001 1.786811 2 P 0
L 2.113189 1.8300001 2.1368111 1.8300001 2 P 0
L 2.1153149 2.4681891 2.1153149 2.4918112 2 P 0
L 2.1237796 1.7395669 2.1237796 1.810433 2 P 0
L 2.125 1.13 2.125 1.38 0 P 0
L 2.125 1.8181891 2.125 1.8418111 2 P 0
L 2.125315 1.8850001 2.1646851 1.8850001 2 P 0
L 2.1262206 1.7395669 2.1262206 1.810433 2 P 0
L 2.1262206 1.7395669 2.1537796 1.7395669 2 P 0
L 2.1262206 1.810433 2.1537796 1.810433 2 P 0
L 2.1281891 1.775 2.1518111 1.775 2 P 0
L 2.1290944 2.4445671 2.1290944 2.5154332 2 P 0
L 2.1348819 2.2762205 2.1348819 2.3037795 2 P 0
L 2.1348819 2.2762205 2.205748 2.2762205 2 P 0
L 2.1348819 2.3037795 2.205748 2.3037795 2 P 0
L 2.134882 2.3062207 2.134882 2.3337797 2 P 0
L 2.134882 2.3062207 2.2057481 2.3062207 2 P 0
L 2.134882 2.3337797 2.2057481 2.3337797 2 P 0
L 2.1383465 1.1927558 2.1383465 1.287244 2 P 0
L 2.1383465 1.1927558 2.1816536 1.1927558 2 P 0
L 2.1383465 1.287244 2.1816536 1.287244 2 P 0
L 2.1400001 1.7631889 2.1400001 1.786811 2 P 0
L 2.1403149 2.2449999 2.179685 2.2449999 2 P 0
L 2.1404332 2.3785042 2.1404332 2.4414963 2 P 0
L 2.1412993 1.2399999 2.1787009 1.2399999 2 P 0
L 2.1450001 1.8653151 2.1450001 1.9046852 2 P 0
L 2.1537796 1.7395669 2.1537796 1.810433 2 P 0
L 2.1585039 2.29 2.182126 2.29 2 P 0
L 2.158504 2.3200002 2.1821261 2.3200002 2 P 0
L 2.1599999 2.2253148 2.1599999 2.2646849 2 P 0
L 2.1600001 1.2212992 2.1600001 1.2587007 2 P 0
L 2.1604331 1.8162206 2.1604331 1.8437796 2 P 0
L 2.1633465 1.7177558 2.1633465 1.812244 2 P 0
L 2.1633465 1.7177558 2.2066536 1.7177558 2 P 0
L 2.1633465 1.812244 2.2066536 1.812244 2 P 0
L 2.1662993 1.7649999 2.2037009 1.7649999 2 P 0
L 2.168071 2.3533466 2.168071 2.3966537 2 P 0
L 2.168071 2.3533466 2.2625592 2.3533466 2 P 0
L 2.168071 2.3966537 2.2625592 2.3966537 2 P 0
L 2.170315 2.278189 2.170315 2.301811 2 P 0
L 2.170315 2.3081892 2.170315 2.3318112 2 P 0
L 2.1809842 1.4640158 2.1809842 1.716378 1 P 0
L 2.1816536 1.1927558 2.1816536 1.287244 2 P 0
L 2.1850001 1.7462992 2.1850001 1.7837007 2 P 0
L 2.194567 1.4062206 2.194567 1.4337796 2 P 0
L 2.194567 1.4062206 2.2654331 1.4062206 2 P 0
L 2.194567 1.4337796 2.2654331 1.4337796 2 P 0
L 2.1962204 1.444567 2.1962204 1.5154331 2 P 0
L 2.1962204 1.444567 2.2237794 1.444567 2 P 0
L 2.1962204 1.5154331 2.2237794 1.5154331 2 P 0
L 2.1966143 2.3750002 2.2340158 2.3750002 2 P 0
L 2.1981889 1.48 2.2218109 1.48 2 P 0
L 2.2001182 1.8535041 2.2001182 1.9164962 2 P 0
L 2.205748 2.2762205 2.205748 2.3037795 2 P 0
L 2.2057481 2.3062207 2.2057481 2.3337797 2 P 0
L 2.2062206 1.6495669 2.2062206 1.720433 2 P 0
L 2.2062206 1.6495669 2.2337796 1.6495669 2 P 0
L 2.2062206 1.720433 2.2337796 1.720433 2 P 0
L 2.2066536 1.7177558 2.2066536 1.812244 2 P 0
L 2.2081891 1.685 2.2318111 1.685 2 P 0
L 2.2099999 1.468189 2.2099999 1.4918111 2 P 0
L 2.2151181 2.2135038 2.2151181 2.2764959 2 P 0
L 2.2153151 2.3562994 2.2153151 2.393701 2 P 0
L 2.218189 1.4200001 2.2418111 1.4200001 2 P 0
L 2.2195669 1.5712204 2.2195669 1.5987794 2 P 0
L 2.2195669 1.5712204 2.290433 1.5712204 2 P 0
L 2.2195669 1.5987794 2.290433 1.5987794 2 P 0
L 2.2195669 1.6012204 2.2195669 1.6287794 2 P 0
L 2.2195669 1.6012204 2.290433 1.6012204 2 P 0
L 2.2195669 1.6287794 2.290433 1.6287794 2 P 0
L 2.2200001 1.6731889 2.2200001 1.696811 2 P 0
L 2.2237794 1.444567 2.2237794 1.5154331 2 P 0
L 2.23 1.4081891 2.23 1.4318111 2 P 0
L 2.2312206 1.6495669 2.2312206 1.720433 2 P 0
L 2.2312206 1.6495669 2.2587796 1.6495669 2 P 0
L 2.2312206 1.720433 2.2587796 1.720433 2 P 0
L 2.2331891 1.685 2.2568111 1.685 2 P 0
L 2.2337796 1.6495669 2.2337796 1.720433 2 P 0
L 2.2431889 1.5849999 2.266811 1.5849999 2 P 0
L 2.2431889 1.6149999 2.266811 1.6149999 2 P 0
L 2.2450001 1.6731889 2.2450001 1.696811 2 P 0
L 2.2545669 1.5312204 2.2545669 1.5587794 2 P 0
L 2.2545669 1.5312204 2.325433 1.5312204 2 P 0
L 2.2545669 1.5587794 2.325433 1.5587794 2 P 0
L 2.254882 2.4012207 2.254882 2.4287797 2 P 0
L 2.254882 2.4012207 2.3257481 2.4012207 2 P 0
L 2.254882 2.4287797 2.3257481 2.4287797 2 P 0
L 2.254882 2.4562207 2.254882 2.4837797 2 P 0
L 2.254882 2.4562207 2.3257481 2.4562207 2 P 0
L 2.254882 2.4837797 2.3257481 2.4837797 2 P 0
L 2.2549999 1.5731889 2.2549999 1.5968109 2 P 0
L 2.2549999 1.6031889 2.2549999 1.6268109 2 P 0
L 2.2587796 1.6495669 2.2587796 1.720433 2 P 0
L 2.2625592 2.3533466 2.2625592 2.3966537 2 P 0
L 2.2654331 1.4062206 2.2654331 1.4337796 2 P 0
L 2.2712204 1.224567 2.2712204 1.2954331 2 P 0
L 2.2712204 1.224567 2.2987794 1.224567 2 P 0
L 2.2712204 1.2954331 2.2987794 1.2954331 2 P 0
L 2.2712206 1.2995669 2.2712206 1.370433 2 P 0
L 2.2712206 1.2995669 2.2987796 1.2995669 2 P 0
L 2.2712206 1.370433 2.2987796 1.370433 2 P 0
L 2.2731889 1.26 2.2968109 1.26 2 P 0
L 2.2731891 1.335 2.2968111 1.335 2 P 0
L 2.2781889 1.5449999 2.301811 1.5449999 2 P 0
L 2.278504 2.4150002 2.3021261 2.4150002 2 P 0
L 2.278504 2.4700002 2.3021261 2.4700002 2 P 0
L 2.2849999 1.248189 2.2849999 1.2718111 2 P 0
L 2.2850001 1.3231889 2.2850001 1.346811 2 P 0
L 2.288937 2.1336221 2.288937 2.3859843 0 P 0
L 2.288937 2.1336221 2.5412992 2.1336221 0 P 0
L 2.288937 2.3859843 2.5412992 2.3859843 0 P 0
L 2.29 1.5331889 2.29 1.5568109 2 P 0
L 2.290315 2.4031892 2.290315 2.4268112 2 P 0
L 2.290315 2.4581892 2.290315 2.4818112 2 P 0
L 2.290433 1.5712204 2.290433 1.5987794 2 P 0
L 2.290433 1.6012204 2.290433 1.6287794 2 P 0
L 2.2915355 1.5645668 2.2915355 1.6354329 2 P 0
L 2.2915355 1.5645668 2.3190945 1.5645668 2 P 0
L 2.2915355 1.6354329 2.3190945 1.6354329 2 P 0
L 2.293504 1.5999999 2.317126 1.5999999 2 P 0
L 2.2987794 1.224567 2.2987794 1.2954331 2 P 0
L 2.2987796 1.2995669 2.2987796 1.370433 2 P 0
L 2.305315 1.5881888 2.305315 1.6118109 2 P 0
L 2.3190945 1.5645668 2.3190945 1.6354329 2 P 0
L 2.325433 1.5312204 2.325433 1.5587794 2 P 0
L 2.3257481 2.4012207 2.3257481 2.4287797 2 P 0
L 2.3257481 2.4562207 2.3257481 2.4837797 2 P 0
L 2.3298818 1.5712203 2.3298818 1.5987793 2 P 0
L 2.3298818 1.5712203 2.4007479 1.5712203 2 P 0
L 2.3298818 1.5987793 2.4007479 1.5987793 2 P 0
L 2.3298818 1.6312203 2.3298818 1.6587793 2 P 0
L 2.3298818 1.6312203 2.4007479 1.6312203 2 P 0
L 2.3298818 1.6587793 2.4007479 1.6587793 2 P 0
L 2.3298819 1.5112205 2.3298819 1.5387795 2 P 0
L 2.3298819 1.5112205 2.400748 1.5112205 2 P 0
L 2.3298819 1.5387795 2.400748 1.5387795 2 P 0
L 2.3298819 1.5412205 2.3298819 1.5687795 2 P 0
L 2.3298819 1.5412205 2.400748 1.5412205 2 P 0
L 2.3298819 1.5687795 2.400748 1.5687795 2 P 0
L 2.3298819 1.6012205 2.3298819 1.6287795 2 P 0
L 2.3298819 1.6012205 2.400748 1.6012205 2 P 0
L 2.3298819 1.6287795 2.400748 1.6287795 2 P 0
L 2.344882 2.5612207 2.344882 2.5887797 2 P 0
L 2.344882 2.5612207 2.4157481 2.5612207 2 P 0
L 2.344882 2.5887797 2.4157481 2.5887797 2 P 0
L 2.3465354 2.4845671 2.3465354 2.5554332 2 P 0
L 2.3465354 2.4845671 2.3740944 2.4845671 2 P 0
L 2.3465354 2.5554332 2.3740944 2.5554332 2 P 0
L 2.3485039 2.5200001 2.3721259 2.5200001 2 P 0
L 2.3535038 1.5849998 2.3771259 1.5849998 2 P 0
L 2.3535038 1.6449998 2.3771259 1.6449998 2 P 0
L 2.3535039 1.525 2.377126 1.525 2 P 0
L 2.3535039 1.555 2.377126 1.555 2 P 0
L 2.3535039 1.615 2.377126 1.615 2 P 0
L 2.357756 1.8833465 2.357756 1.9266536 2 P 0
L 2.357756 1.8833465 2.4522442 1.8833465 2 P 0
L 2.357756 1.9266536 2.4522442 1.9266536 2 P 0
L 2.357756 1.9283465 2.357756 1.9716536 2 P 0
L 2.357756 1.9283465 2.4522442 1.9283465 2 P 0
L 2.357756 1.9716536 2.4522442 1.9716536 2 P 0
L 2.3603149 2.5081891 2.3603149 2.5318112 2 P 0
L 2.3653149 1.513189 2.3653149 1.536811 2 P 0
L 2.3653149 1.543189 2.3653149 1.566811 2 P 0
L 2.3653149 1.5731888 2.3653149 1.5968108 2 P 0
L 2.3653149 1.603189 2.3653149 1.626811 2 P 0
L 2.3653149 1.6331888 2.3653149 1.6568108 2 P 0
L 2.368504 2.5750002 2.3921261 2.5750002 2 P 0
L 2.3740944 2.4845671 2.3740944 2.5554332 2 P 0
L 2.3765356 2.409567 2.3765356 2.4804331 2 P 0
L 2.3765356 2.409567 2.4040946 2.409567 2 P 0
L 2.3765356 2.4804331 2.4040946 2.4804331 2 P 0
L 2.3765356 2.484567 2.3765356 2.5554331 2 P 0
L 2.3765356 2.484567 2.4040946 2.484567 2 P 0
L 2.3765356 2.5554331 2.4040946 2.5554331 2 P 0
L 2.3785041 2.4450001 2.4021261 2.4450001 2 P 0
L 2.3785041 2.5200001 2.4021261 2.5200001 2 P 0
L 2.380315 2.5631892 2.380315 2.5868112 2 P 0
L 2.3862993 1.9050001 2.4237008 1.9050001 2 P 0
L 2.3862993 1.9500001 2.4237008 1.9500001 2 P 0
L 2.3898819 2.6712205 2.3898819 2.6987795 2 P 0
L 2.3898819 2.6712205 2.460748 2.6712205 2 P 0
L 2.3898819 2.6987795 2.460748 2.6987795 2 P 0
L 2.3903151 2.433189 2.3903151 2.4568111 2 P 0
L 2.3903151 2.508189 2.3903151 2.5318111 2 P 0
L 2.3915354 2.5995671 2.3915354 2.6704332 2 P 0
L 2.3915354 2.5995671 2.4190944 2.5995671 2 P 0
L 2.3915354 2.6704332 2.4190944 2.6704332 2 P 0
L 2.3935039 2.6350001 2.4171259 2.6350001 2 P 0
L 2.4007479 1.5712203 2.4007479 1.5987793 2 P 0
L 2.4007479 1.6312203 2.4007479 1.6587793 2 P 0
L 2.400748 1.5112205 2.400748 1.5387795 2 P 0
L 2.400748 1.5412205 2.400748 1.5687795 2 P 0
L 2.400748 1.6012205 2.400748 1.6287795 2 P 0
L 2.4040946 2.409567 2.4040946 2.4804331 2 P 0
L 2.4040946 2.484567 2.4040946 2.5554331 2 P 0
L 2.4050001 1.8862993 2.4050001 1.9237009 2 P 0
L 2.4050001 1.9312993 2.4050001 1.9687009 2 P 0
L 2.4053149 2.6231891 2.4053149 2.6468112 2 P 0
L 2.4065354 2.4845671 2.4065354 2.5554332 2 P 0
L 2.4065354 2.4845671 2.4340944 2.4845671 2 P 0
L 2.4065354 2.5554332 2.4340944 2.5554332 2 P 0
L 2.4065356 2.409567 2.4065356 2.4804331 2 P 0
L 2.4065356 2.409567 2.4340946 2.409567 2 P 0
L 2.4065356 2.4804331 2.4340946 2.4804331 2 P 0
L 2.4085039 2.5200001 2.4321259 2.5200001 2 P 0
L 2.4085041 2.4450001 2.4321261 2.4450001 2 P 0
L 2.4135039 2.685 2.437126 2.685 2 P 0
L 2.4145669 1.6612204 2.4145669 1.6887794 2 P 0
L 2.4145669 1.6612204 2.485433 1.6612204 2 P 0
L 2.4145669 1.6887794 2.485433 1.6887794 2 P 0
L 2.414567 1.5412206 2.414567 1.5687796 2 P 0
L 2.414567 1.5412206 2.4854331 1.5412206 2 P 0
L 2.414567 1.5687796 2.4854331 1.5687796 2 P 0
L 2.4148818 1.6012203 2.4148818 1.6287793 2 P 0
L 2.4148818 1.6012203 2.4857479 1.6012203 2 P 0
L 2.4148818 1.6287793 2.4857479 1.6287793 2 P 0
L 2.4148818 1.6312203 2.4148818 1.6587793 2 P 0
L 2.4148818 1.6312203 2.4857479 1.6312203 2 P 0
L 2.4148818 1.6587793 2.4857479 1.6587793 2 P 0
L 2.4148819 1.5712205 2.4148819 1.5987795 2 P 0
L 2.4148819 1.5712205 2.485748 1.5712205 2 P 0
L 2.4148819 1.5987795 2.485748 1.5987795 2 P 0
L 2.4157481 2.5612207 2.4157481 2.5887797 2 P 0
L 2.4190944 2.5995671 2.4190944 2.6704332 2 P 0
L 2.4203149 2.5081891 2.4203149 2.5318112 2 P 0
L 2.4203151 2.433189 2.4203151 2.4568111 2 P 0
L 2.425315 2.673189 2.425315 2.696811 2 P 0
L 2.4340944 2.4845671 2.4340944 2.5554332 2 P 0
L 2.4340946 2.409567 2.4340946 2.4804331 2 P 0
L 2.4365356 2.484567 2.4365356 2.5554331 2 P 0
L 2.4365356 2.484567 2.4640946 2.484567 2 P 0
L 2.4365356 2.5554331 2.4640946 2.5554331 2 P 0
L 2.4381889 1.6749999 2.461811 1.6749999 2 P 0
L 2.438189 1.5550001 2.4618111 1.5550001 2 P 0
L 2.4385038 1.6149998 2.4621259 1.6149998 2 P 0
L 2.4385038 1.6449998 2.4621259 1.6449998 2 P 0
L 2.4385039 1.585 2.462126 1.585 2 P 0
L 2.4385041 2.5200001 2.4621261 2.5200001 2 P 0
L 2.4448819 2.4512205 2.4448819 2.4787795 2 P 0
L 2.4448819 2.4512205 2.515748 2.4512205 2 P 0
L 2.4448819 2.4787795 2.515748 2.4787795 2 P 0
L 2.45 1.5431891 2.45 1.5668111 2 P 0
L 2.45 1.6631889 2.45 1.6868109 2 P 0
L 2.4503149 1.573189 2.4503149 1.596811 2 P 0
L 2.4503149 1.6031888 2.4503149 1.6268108 2 P 0
L 2.4503149 1.6331888 2.4503149 1.6568108 2 P 0
L 2.4503151 2.508189 2.4503151 2.5318111 2 P 0
L 2.4522442 1.8833465 2.4522442 1.9266536 2 P 0
L 2.4522442 1.9283465 2.4522442 1.9716536 2 P 0
L 2.460748 2.6712205 2.460748 2.6987795 2 P 0
L 2.4640946 2.484567 2.4640946 2.5554331 2 P 0
L 2.4685039 2.465 2.492126 2.465 2 P 0
L 2.477756 1.2133465 2.477756 1.2566536 2 P 0
L 2.477756 1.2133465 2.5722442 1.2133465 2 P 0
L 2.477756 1.2566536 2.5722442 1.2566536 2 P 0
L 2.477756 1.2933465 2.477756 1.3366536 2 P 0
L 2.477756 1.2933465 2.5722442 1.2933465 2 P 0
L 2.477756 1.3366536 2.5722442 1.3366536 2 P 0
L 2.480315 2.453189 2.480315 2.476811 2 P 0
L 2.485433 1.6612204 2.485433 1.6887794 2 P 0
L 2.4854331 1.5412206 2.4854331 1.5687796 2 P 0
L 2.4857479 1.6012203 2.4857479 1.6287793 2 P 0
L 2.4857479 1.6312203 2.4857479 1.6587793 2 P 0
L 2.485748 1.5712205 2.485748 1.5987795 2 P 0
L 2.4912204 1.404567 2.4912204 1.4754331 2 P 0
L 2.4912204 1.404567 2.5187794 1.404567 2 P 0
L 2.4912204 1.4754331 2.5187794 1.4754331 2 P 0
L 2.4931889 1.44 2.5168109 1.44 2 P 0
L 2.5049999 1.428189 2.5049999 1.4518111 2 P 0
L 2.5062993 1.2350001 2.5437008 1.2350001 2 P 0
L 2.5062993 1.3150001 2.5437008 1.3150001 2 P 0
L 2.5095669 1.6012204 2.5095669 1.6287794 2 P 0
L 2.5095669 1.6012204 2.580433 1.6012204 2 P 0
L 2.5095669 1.6287794 2.580433 1.6287794 2 P 0
L 2.509567 1.6312206 2.509567 1.6587796 2 P 0
L 2.509567 1.6312206 2.5804331 1.6312206 2 P 0
L 2.509567 1.6587796 2.5804331 1.6587796 2 P 0
L 2.515748 2.4512205 2.515748 2.4787795 2 P 0
L 2.5187794 1.404567 2.5187794 1.4754331 2 P 0
L 2.5250001 1.2162993 2.5250001 1.2537009 2 P 0
L 2.5250001 1.2962993 2.5250001 1.3337009 2 P 0
L 2.5331889 1.6149999 2.556811 1.6149999 2 P 0
L 2.533189 1.6450001 2.5568111 1.6450001 2 P 0
L 2.5412992 2.1336221 2.5412992 2.3859843 0 P 0
L 2.545 1.6031889 2.545 1.6268109 2 P 0
L 2.545 1.6331891 2.545 1.6568111 2 P 0
L 2.5598819 2.3762205 2.5598819 2.4037795 2 P 0
L 2.5598819 2.3762205 2.630748 2.3762205 2 P 0
L 2.5598819 2.4037795 2.630748 2.4037795 2 P 0
L 2.5662204 2.124567 2.5662204 2.1954331 2 P 0
L 2.5662204 2.124567 2.5937794 2.124567 2 P 0
L 2.5662204 2.1954331 2.5937794 2.1954331 2 P 0
L 2.5681889 2.16 2.5918109 2.16 2 P 0
L 2.5722442 1.2133465 2.5722442 1.2566536 2 P 0
L 2.5722442 1.2933465 2.5722442 1.3366536 2 P 0
L 2.5799999 2.148189 2.5799999 2.1718111 2 P 0
L 2.580433 1.6012204 2.580433 1.6287794 2 P 0
L 2.5804331 1.6312206 2.5804331 1.6587796 2 P 0
L 2.5835039 2.39 2.607126 2.39 2 P 0
L 2.589882 2.4412207 2.589882 2.4687797 2 P 0
L 2.589882 2.4412207 2.6607481 2.4412207 2 P 0
L 2.589882 2.4687797 2.6607481 2.4687797 2 P 0
L 2.5937794 2.124567 2.5937794 2.1954331 2 P 0
L 2.595315 2.378189 2.595315 2.401811 2 P 0
L 2.5965747 1.3644093 2.5965747 1.67937 0 P 0
L 2.5965747 1.3644093 2.9509055 1.3644093 0 P 0
L 2.5965747 1.67937 2.9509055 1.67937 0 P 0
L 2.613504 2.4550002 2.6371261 2.4550002 2 P 0
L 2.625315 2.4431892 2.625315 2.4668112 2 P 0
L 2.630748 2.3762205 2.630748 2.4037795 2 P 0
L 2.6607481 2.4412207 2.6607481 2.4687797 2 P 0
L 2.665 2.09 2.665 2.365 0 P 0
L 2.665 2.09 2.965 2.09 0 P 0
L 2.665 2.365 2.715 2.39 0 P 0
L 2.6698819 2.4412205 2.6698819 2.4687795 2 P 0
L 2.6698819 2.4412205 2.740748 2.4412205 2 P 0
L 2.6698819 2.4687795 2.740748 2.4687795 2 P 0
L 2.6935039 2.455 2.717126 2.455 2 P 0
L 2.705315 2.443189 2.705315 2.466811 2 P 0
L 2.715 2.39 2.965 2.39 0 P 0
L 2.727756 2.0383465 2.727756 2.0816536 2 P 0
L 2.727756 2.0383465 2.8222442 2.0383465 2 P 0
L 2.727756 2.0816536 2.8222442 2.0816536 2 P 0
L 2.740748 2.4412205 2.740748 2.4687795 2 P 0
L 2.754882 2.4412207 2.754882 2.4687797 2 P 0
L 2.754882 2.4412207 2.8257481 2.4412207 2 P 0
L 2.754882 2.4687797 2.8257481 2.4687797 2 P 0
L 2.7562993 2.0600001 2.7937008 2.0600001 2 P 0
L 2.76 1 2.765 1 0 P 0
L 2.77 1 2.965 1.195 0 P 0
L 2.775 2.965 2.965 2.775 0 P 0
L 2.7750001 2.0412993 2.7750001 2.0787009 2 P 0
L 2.778504 2.4550002 2.8021261 2.4550002 2 P 0
L 2.790315 2.4431892 2.790315 2.4668112 2 P 0
L 2.8222442 2.0383465 2.8222442 2.0816536 2 P 0
L 2.8257481 2.4412207 2.8257481 2.4687797 2 P 0
L 2.8298819 2.4412205 2.8298819 2.4687795 2 P 0
L 2.8298819 2.4412205 2.900748 2.4412205 2 P 0
L 2.8298819 2.4687795 2.900748 2.4687795 2 P 0
L 2.832756 2.0383465 2.832756 2.0816536 2 P 0
L 2.832756 2.0383465 2.9272442 2.0383465 2 P 0
L 2.832756 2.0816536 2.9272442 2.0816536 2 P 0
L 2.8535039 2.455 2.877126 2.455 2 P 0
L 2.8612993 2.0600001 2.8987008 2.0600001 2 P 0
L 2.865315 2.443189 2.865315 2.466811 2 P 0
L 2.8800001 2.0412993 2.8800001 2.0787009 2 P 0
L 2.900748 2.4412205 2.900748 2.4687795 2 P 0
L 2.9272442 2.0383465 2.9272442 2.0816536 2 P 0
L 2.9509055 1.3644093 2.9509055 1.67937 0 P 0
L 2.965 1.195 2.965 2.775 0 P 0
L 2.965 2.09 2.965 2.39 0 P 0
S P 0
OB 2.3116719 2.1552757 I
OS 2.3100868 2.1514488
OS 2.3062599 2.1498637
OS 2.302433 2.1514488
OS 2.3008479 2.1552757
OS 2.3008479 2.1552757
OS 2.302433 2.1591026
OS 2.3062599 2.1606877
OS 2.3100868 2.1591026
OS 2.3116719 2.1552757
OS 2.3116719 2.1552757
OE
SE
S P 0
OB 1.9169291 1.7178356 I
OS 1.9130273 1.7186117
OS 1.9097195 1.7208219
OS 1.9075093 1.7241297
OS 1.9067332 1.7280315
OS 1.9075093 1.7319333
OS 1.9097195 1.7352411
OS 1.9130273 1.7374513
OS 1.9169291 1.7382274
OS 1.9169291 1.7382274
OS 1.9208309 1.7374513
OS 1.9241387 1.7352411
OS 1.9263489 1.7319333
OS 1.927125 1.7280315
OS 1.9263489 1.7241297
OS 1.9241387 1.7208219
OS 1.9208309 1.7186117
OS 1.9169291 1.7178356
OS 1.9169291 1.7178356
OE
SE
S P 0
OB 2.6379133 1.6907182 I
OS 2.6286964 1.6925515
OS 2.6208828 1.6977725
OS 2.6156618 1.7055861
OS 2.6138285 1.714803
OS 2.6156618 1.7240199
OS 2.6208828 1.7318335
OS 2.6286964 1.7370545
OS 2.6379133 1.7388878
OS 2.6471302 1.7370545
OS 2.6549438 1.7318335
OS 2.6601648 1.7240199
OS 2.6619981 1.714803
OS 2.6601648 1.7055861
OS 2.6549438 1.6977725
OS 2.6471302 1.6925515
OS 2.6379133 1.6907182
OE
SE
